[[  0   0   0 ...   0   0   0]
 [  1   1   1 ...   1   1   1]
 [  2   2   2 ...   2   2   2]
 ...
 [438 438 438 ... 438 438 438]
 [439 439 439 ... 439 439 439]
 [440 440 440 ... 440 440 440]]
[[  0   1   2 ... 438 439 440]
 [  0   1   2 ... 438 439 440]
 [  0   1   2 ... 438 439 440]
 ...
 [  0   1   2 ... 438 439 440]
 [  0   1   2 ... 438 439 440]
 [  0   1   2 ... 438 439 440]][[9.98492065e-02 1.88129968e-01 1.60606317e-01 ... 1.00113636e-01
  1.00113636e-01 1.00113636e-01]
 [8.81299681e-02 9.98492065e-02 1.38129968e-01 ... 9.98853259e-02
  9.98858459e-02 9.98863636e-02]
 [6.06063175e-02 8.81299681e-02 9.98492065e-02 ... 9.96570154e-02
  9.96580555e-02 9.96590909e-02]
 ...
 [1.13636364e-04 1.13636364e-04 1.13636364e-04 ... 9.98492065e-02
  8.83577585e-02 6.10608629e-02]
 [1.13636364e-04 1.13636364e-04 1.13636364e-04 ... 8.81299681e-02
  9.98492065e-02 8.83572408e-02]
 [5.00000000e-02 5.00000000e-02 5.00000000e-02 ... 1.10492681e-01
  1.38016332e-01 1.49735570e-01]]