[[0 0]
 [1 1]]
[[0 1]
 [0 1]][[0. 2.]
 [0. 0.]][[0 0]
 [1 1]]
[[0 1]
 [0 1]][[7. 7.]
 [0. 0.]][[0 0]
 [1 1]]
[[0 1]
 [0 1]][[0. 0.]
 [7. 7.]][[0 0]
 [1 1]]
[[0 1]
 [0 1]][[2.79259596 1.69379507]
 [1.69379507 2.79259596]][[ 0  0  0  0  0  0  0  0  0  0  0]
 [ 1  1  1  1  1  1  1  1  1  1  1]
 [ 2  2  2  2  2  2  2  2  2  2  2]
 [ 3  3  3  3  3  3  3  3  3  3  3]
 [ 4  4  4  4  4  4  4  4  4  4  4]
 [ 5  5  5  5  5  5  5  5  5  5  5]
 [ 6  6  6  6  6  6  6  6  6  6  6]
 [ 7  7  7  7  7  7  7  7  7  7  7]
 [ 8  8  8  8  8  8  8  8  8  8  8]
 [ 9  9  9  9  9  9  9  9  9  9  9]
 [10 10 10 10 10 10 10 10 10 10 10]]
[[ 0  1  2  3  4  5  6  7  8  9 10]
 [ 0  1  2  3  4  5  6  7  8  9 10]
 [ 0  1  2  3  4  5  6  7  8  9 10]
 [ 0  1  2  3  4  5  6  7  8  9 10]
 [ 0  1  2  3  4  5  6  7  8  9 10]
 [ 0  1  2  3  4  5  6  7  8  9 10]
 [ 0  1  2  3  4  5  6  7  8  9 10]
 [ 0  1  2  3  4  5  6  7  8  9 10]
 [ 0  1  2  3  4  5  6  7  8  9 10]
 [ 0  1  2  3  4  5  6  7  8  9 10]
 [ 0  1  2  3  4  5  6  7  8  9 10]][[2.79259596e+00 1.69379507e+00 3.77936766e-01 3.10229389e-02
  9.36811580e-04 1.04070366e-05 4.25311799e-08 6.39430429e-11
  3.53658976e-14 7.19584150e-18 5.38621904e-22]
 [1.69379507e+00 2.79259596e+00 1.69379507e+00 3.77936766e-01
  3.10229389e-02 9.36811580e-04 1.04070366e-05 4.25311799e-08
  6.39430429e-11 3.53658976e-14 7.19584150e-18]
 [3.77936766e-01 1.69379507e+00 2.79259596e+00 1.69379507e+00
  3.77936766e-01 3.10229389e-02 9.36811580e-04 1.04070366e-05
  4.25311799e-08 6.39430429e-11 3.53658976e-14]
 [3.10229389e-02 3.77936766e-01 1.69379507e+00 2.79259596e+00
  1.69379507e+00 3.77936766e-01 3.10229389e-02 9.36811580e-04
  1.04070366e-05 4.25311799e-08 6.39430429e-11]
 [9.36811580e-04 3.10229389e-02 3.77936766e-01 1.69379507e+00
  2.79259596e+00 1.69379507e+00 3.77936766e-01 3.10229389e-02
  9.36811580e-04 1.04070366e-05 4.25311799e-08]
 [1.04070366e-05 9.36811580e-04 3.10229389e-02 3.77936766e-01
  1.69379507e+00 2.79259596e+00 1.69379507e+00 3.77936766e-01
  3.10229389e-02 9.36811580e-04 1.04070366e-05]
 [4.25311799e-08 1.04070366e-05 9.36811580e-04 3.10229389e-02
  3.77936766e-01 1.69379507e+00 2.79259596e+00 1.69379507e+00
  3.77936766e-01 3.10229389e-02 9.36811580e-04]
 [6.39430429e-11 4.25311799e-08 1.04070366e-05 9.36811580e-04
  3.10229389e-02 3.77936766e-01 1.69379507e+00 2.79259596e+00
  1.69379507e+00 3.77936766e-01 3.10229389e-02]
 [3.53658976e-14 6.39430429e-11 4.25311799e-08 1.04070366e-05
  9.36811580e-04 3.10229389e-02 3.77936766e-01 1.69379507e+00
  2.79259596e+00 1.69379507e+00 3.77936766e-01]
 [7.19584150e-18 3.53658976e-14 6.39430429e-11 4.25311799e-08
  1.04070366e-05 9.36811580e-04 3.10229389e-02 3.77936766e-01
  1.69379507e+00 2.79259596e+00 1.69379507e+00]
 [5.38621904e-22 7.19584150e-18 3.53658976e-14 6.39430429e-11
  4.25311799e-08 1.04070366e-05 9.36811580e-04 3.10229389e-02
  3.77936766e-01 1.69379507e+00 2.79259596e+00]][[  0   0   0 ...   0   0   0]
 [  1   1   1 ...   1   1   1]
 [  2   2   2 ...   2   2   2]
 ...
 [ 98  98  98 ...  98  98  98]
 [ 99  99  99 ...  99  99  99]
 [100 100 100 ... 100 100 100]]
[[  0   1   2 ...  98  99 100]
 [  0   1   2 ...  98  99 100]
 [  0   1   2 ...  98  99 100]
 ...
 [  0   1   2 ...  98  99 100]
 [  0   1   2 ...  98  99 100]
 [  0   1   2 ...  98  99 100]][[1.69682730e+06 1.51389771e+06 1.07957451e+06 ... 1.25000000e+05
  1.25000000e+05 1.25000000e+05]
 [1.51189771e+06 1.69682730e+06 1.51289771e+06 ... 1.24979592e+05
  1.24979798e+05 1.24980000e+05]
 [1.07757451e+06 1.51189771e+06 1.69682730e+06 ... 1.24959184e+05
  1.24959596e+05 1.24960000e+05]
 ...
 [1.23000000e+05 1.23000000e+05 1.23000000e+05 ... 1.69682730e+06
  1.51191792e+06 1.07761451e+06]
 [1.23000000e+05 1.23000000e+05 1.23000000e+05 ... 1.51189771e+06
  1.69682730e+06 1.51191771e+06]
 [4.44000000e+02 4.44000000e+02 4.44000000e+02 ... 9.55018508e+05
  1.38934171e+06 1.57427130e+06]][[  0   0   0 ...   0   0   0]
 [  1   1   1 ...   1   1   1]
 [  2   2   2 ...   2   2   2]
 ...
 [121 121 121 ... 121 121 121]
 [122 122 122 ... 122 122 122]
 [123 123 123 ... 123 123 123]]
[[  0   1   2 ... 121 122 123]
 [  0   1   2 ... 121 122 123]
 [  0   1   2 ... 121 122 123]
 ...
 [  0   1   2 ... 121 122 123]
 [  0   1   2 ... 121 122 123]
 [  0   1   2 ... 121 122 123]][[0.20353618 0.2250504  0.13106052 ... 0.10406504 0.10406504 0.10406504]
 [0.1250504  0.20353618 0.1750504  ... 0.10323859 0.10324537 0.10325203]
 [0.03106052 0.1250504  0.20353618 ... 0.10241215 0.1024257  0.10243902]
 ...
 [0.00406504 0.00406504 0.00406504 ... 0.20353618 0.12587008 0.03268654]
 [0.00406504 0.00406504 0.00406504 ... 0.1250504  0.20353618 0.12586341]
 [0.05       0.05       0.05       ... 0.07699548 0.17098536 0.24947114]][[0]]
[[0]][[0.]][[0]]
[[0]][[0.]][[0]]
[[0]][[7.]][[0]]
[[0]][[2.79259596]][[0 0]
 [1 1]]
[[0 1]
 [0 1]][[0. 2.]
 [0. 0.]][[0 0]
 [1 1]]
[[0 1]
 [0 1]][[7. 7.]
 [0. 0.]][[0 0]
 [1 1]]
[[0 1]
 [0 1]][[0. 0.]
 [7. 7.]][[0 0]
 [1 1]]
[[0 1]
 [0 1]][[2.79259596 1.69379507]
 [1.69379507 2.79259596]][[ 0  0  0  0  0  0  0  0  0  0  0]
 [ 1  1  1  1  1  1  1  1  1  1  1]
 [ 2  2  2  2  2  2  2  2  2  2  2]
 [ 3  3  3  3  3  3  3  3  3  3  3]
 [ 4  4  4  4  4  4  4  4  4  4  4]
 [ 5  5  5  5  5  5  5  5  5  5  5]
 [ 6  6  6  6  6  6  6  6  6  6  6]
 [ 7  7  7  7  7  7  7  7  7  7  7]
 [ 8  8  8  8  8  8  8  8  8  8  8]
 [ 9  9  9  9  9  9  9  9  9  9  9]
 [10 10 10 10 10 10 10 10 10 10 10]]
[[ 0  1  2  3  4  5  6  7  8  9 10]
 [ 0  1  2  3  4  5  6  7  8  9 10]
 [ 0  1  2  3  4  5  6  7  8  9 10]
 [ 0  1  2  3  4  5  6  7  8  9 10]
 [ 0  1  2  3  4  5  6  7  8  9 10]
 [ 0  1  2  3  4  5  6  7  8  9 10]
 [ 0  1  2  3  4  5  6  7  8  9 10]
 [ 0  1  2  3  4  5  6  7  8  9 10]
 [ 0  1  2  3  4  5  6  7  8  9 10]
 [ 0  1  2  3  4  5  6  7  8  9 10]
 [ 0  1  2  3  4  5  6  7  8  9 10]][[2.79259596e+00 1.69379507e+00 3.77936766e-01 3.10229389e-02
  9.36811580e-04 1.04070366e-05 4.25311799e-08 6.39430429e-11
  3.53658976e-14 7.19584150e-18 5.38621904e-22]
 [1.69379507e+00 2.79259596e+00 1.69379507e+00 3.77936766e-01
  3.10229389e-02 9.36811580e-04 1.04070366e-05 4.25311799e-08
  6.39430429e-11 3.53658976e-14 7.19584150e-18]
 [3.77936766e-01 1.69379507e+00 2.79259596e+00 1.69379507e+00
  3.77936766e-01 3.10229389e-02 9.36811580e-04 1.04070366e-05
  4.25311799e-08 6.39430429e-11 3.53658976e-14]
 [3.10229389e-02 3.77936766e-01 1.69379507e+00 2.79259596e+00
  1.69379507e+00 3.77936766e-01 3.10229389e-02 9.36811580e-04
  1.04070366e-05 4.25311799e-08 6.39430429e-11]
 [9.36811580e-04 3.10229389e-02 3.77936766e-01 1.69379507e+00
  2.79259596e+00 1.69379507e+00 3.77936766e-01 3.10229389e-02
  9.36811580e-04 1.04070366e-05 4.25311799e-08]
 [1.04070366e-05 9.36811580e-04 3.10229389e-02 3.77936766e-01
  1.69379507e+00 2.79259596e+00 1.69379507e+00 3.77936766e-01
  3.10229389e-02 9.36811580e-04 1.04070366e-05]
 [4.25311799e-08 1.04070366e-05 9.36811580e-04 3.10229389e-02
  3.77936766e-01 1.69379507e+00 2.79259596e+00 1.69379507e+00
  3.77936766e-01 3.10229389e-02 9.36811580e-04]
 [6.39430429e-11 4.25311799e-08 1.04070366e-05 9.36811580e-04
  3.10229389e-02 3.77936766e-01 1.69379507e+00 2.79259596e+00
  1.69379507e+00 3.77936766e-01 3.10229389e-02]
 [3.53658976e-14 6.39430429e-11 4.25311799e-08 1.04070366e-05
  9.36811580e-04 3.10229389e-02 3.77936766e-01 1.69379507e+00
  2.79259596e+00 1.69379507e+00 3.77936766e-01]
 [7.19584150e-18 3.53658976e-14 6.39430429e-11 4.25311799e-08
  1.04070366e-05 9.36811580e-04 3.10229389e-02 3.77936766e-01
  1.69379507e+00 2.79259596e+00 1.69379507e+00]
 [5.38621904e-22 7.19584150e-18 3.53658976e-14 6.39430429e-11
  4.25311799e-08 1.04070366e-05 9.36811580e-04 3.10229389e-02
  3.77936766e-01 1.69379507e+00 2.79259596e+00]][[  0   0   0 ...   0   0   0]
 [  1   1   1 ...   1   1   1]
 [  2   2   2 ...   2   2   2]
 ...
 [ 98  98  98 ...  98  98  98]
 [ 99  99  99 ...  99  99  99]
 [100 100 100 ... 100 100 100]]
[[  0   1   2 ...  98  99 100]
 [  0   1   2 ...  98  99 100]
 [  0   1   2 ...  98  99 100]
 ...
 [  0   1   2 ...  98  99 100]
 [  0   1   2 ...  98  99 100]
 [  0   1   2 ...  98  99 100]][[1.69682730e+06 1.51389771e+06 1.07957451e+06 ... 1.25000000e+05
  1.25000000e+05 1.25000000e+05]
 [1.51189771e+06 1.69682730e+06 1.51289771e+06 ... 1.24979592e+05
  1.24979798e+05 1.24980000e+05]
 [1.07757451e+06 1.51189771e+06 1.69682730e+06 ... 1.24959184e+05
  1.24959596e+05 1.24960000e+05]
 ...
 [1.23000000e+05 1.23000000e+05 1.23000000e+05 ... 1.69682730e+06
  1.51191792e+06 1.07761451e+06]
 [1.23000000e+05 1.23000000e+05 1.23000000e+05 ... 1.51189771e+06
  1.69682730e+06 1.51191771e+06]
 [4.44000000e+02 4.44000000e+02 4.44000000e+02 ... 9.55018508e+05
  1.38934171e+06 1.57427130e+06]][[  0   0   0 ...   0   0   0]
 [  1   1   1 ...   1   1   1]
 [  2   2   2 ...   2   2   2]
 ...
 [121 121 121 ... 121 121 121]
 [122 122 122 ... 122 122 122]
 [123 123 123 ... 123 123 123]]
[[  0   1   2 ... 121 122 123]
 [  0   1   2 ... 121 122 123]
 [  0   1   2 ... 121 122 123]
 ...
 [  0   1   2 ... 121 122 123]
 [  0   1   2 ... 121 122 123]
 [  0   1   2 ... 121 122 123]][[0.20353618 0.2250504  0.13106052 ... 0.10406504 0.10406504 0.10406504]
 [0.1250504  0.20353618 0.1750504  ... 0.10323859 0.10324537 0.10325203]
 [0.03106052 0.1250504  0.20353618 ... 0.10241215 0.1024257  0.10243902]
 ...
 [0.00406504 0.00406504 0.00406504 ... 0.20353618 0.12587008 0.03268654]
 [0.00406504 0.00406504 0.00406504 ... 0.1250504  0.20353618 0.12586341]
 [0.05       0.05       0.05       ... 0.07699548 0.17098536 0.24947114]][[0]]
[[0]][[0.]][[0]]
[[0]][[0.]][[0]]
[[0]][[7.]][[0]]
[[0]][[2.79259596]][[0 0]
 [1 1]]
[[0 1]
 [0 1]][[0. 2.]
 [0. 0.]][[0 0]
 [1 1]]
[[0 1]
 [0 1]][[7. 7.]
 [0. 0.]][[0 0]
 [1 1]]
[[0 1]
 [0 1]][[0. 0.]
 [7. 7.]][[0 0]
 [1 1]]
[[0 1]
 [0 1]][[2.79259596 1.69379507]
 [1.69379507 2.79259596]][[ 0  0  0  0  0  0  0  0  0  0  0]
 [ 1  1  1  1  1  1  1  1  1  1  1]
 [ 2  2  2  2  2  2  2  2  2  2  2]
 [ 3  3  3  3  3  3  3  3  3  3  3]
 [ 4  4  4  4  4  4  4  4  4  4  4]
 [ 5  5  5  5  5  5  5  5  5  5  5]
 [ 6  6  6  6  6  6  6  6  6  6  6]
 [ 7  7  7  7  7  7  7  7  7  7  7]
 [ 8  8  8  8  8  8  8  8  8  8  8]
 [ 9  9  9  9  9  9  9  9  9  9  9]
 [10 10 10 10 10 10 10 10 10 10 10]]
[[ 0  1  2  3  4  5  6  7  8  9 10]
 [ 0  1  2  3  4  5  6  7  8  9 10]
 [ 0  1  2  3  4  5  6  7  8  9 10]
 [ 0  1  2  3  4  5  6  7  8  9 10]
 [ 0  1  2  3  4  5  6  7  8  9 10]
 [ 0  1  2  3  4  5  6  7  8  9 10]
 [ 0  1  2  3  4  5  6  7  8  9 10]
 [ 0  1  2  3  4  5  6  7  8  9 10]
 [ 0  1  2  3  4  5  6  7  8  9 10]
 [ 0  1  2  3  4  5  6  7  8  9 10]
 [ 0  1  2  3  4  5  6  7  8  9 10]][[2.79259596e+00 1.69379507e+00 3.77936766e-01 3.10229389e-02
  9.36811580e-04 1.04070366e-05 4.25311799e-08 6.39430429e-11
  3.53658976e-14 7.19584150e-18 5.38621904e-22]
 [1.69379507e+00 2.79259596e+00 1.69379507e+00 3.77936766e-01
  3.10229389e-02 9.36811580e-04 1.04070366e-05 4.25311799e-08
  6.39430429e-11 3.53658976e-14 7.19584150e-18]
 [3.77936766e-01 1.69379507e+00 2.79259596e+00 1.69379507e+00
  3.77936766e-01 3.10229389e-02 9.36811580e-04 1.04070366e-05
  4.25311799e-08 6.39430429e-11 3.53658976e-14]
 [3.10229389e-02 3.77936766e-01 1.69379507e+00 2.79259596e+00
  1.69379507e+00 3.77936766e-01 3.10229389e-02 9.36811580e-04
  1.04070366e-05 4.25311799e-08 6.39430429e-11]
 [9.36811580e-04 3.10229389e-02 3.77936766e-01 1.69379507e+00
  2.79259596e+00 1.69379507e+00 3.77936766e-01 3.10229389e-02
  9.36811580e-04 1.04070366e-05 4.25311799e-08]
 [1.04070366e-05 9.36811580e-04 3.10229389e-02 3.77936766e-01
  1.69379507e+00 2.79259596e+00 1.69379507e+00 3.77936766e-01
  3.10229389e-02 9.36811580e-04 1.04070366e-05]
 [4.25311799e-08 1.04070366e-05 9.36811580e-04 3.10229389e-02
  3.77936766e-01 1.69379507e+00 2.79259596e+00 1.69379507e+00
  3.77936766e-01 3.10229389e-02 9.36811580e-04]
 [6.39430429e-11 4.25311799e-08 1.04070366e-05 9.36811580e-04
  3.10229389e-02 3.77936766e-01 1.69379507e+00 2.79259596e+00
  1.69379507e+00 3.77936766e-01 3.10229389e-02]
 [3.53658976e-14 6.39430429e-11 4.25311799e-08 1.04070366e-05
  9.36811580e-04 3.10229389e-02 3.77936766e-01 1.69379507e+00
  2.79259596e+00 1.69379507e+00 3.77936766e-01]
 [7.19584150e-18 3.53658976e-14 6.39430429e-11 4.25311799e-08
  1.04070366e-05 9.36811580e-04 3.10229389e-02 3.77936766e-01
  1.69379507e+00 2.79259596e+00 1.69379507e+00]
 [5.38621904e-22 7.19584150e-18 3.53658976e-14 6.39430429e-11
  4.25311799e-08 1.04070366e-05 9.36811580e-04 3.10229389e-02
  3.77936766e-01 1.69379507e+00 2.79259596e+00]][[  0   0   0 ...   0   0   0]
 [  1   1   1 ...   1   1   1]
 [  2   2   2 ...   2   2   2]
 ...
 [438 438 438 ... 438 438 438]
 [439 439 439 ... 439 439 439]
 [440 440 440 ... 440 440 440]]
[[  0   1   2 ... 438 439 440]
 [  0   1   2 ... 438 439 440]
 [  0   1   2 ... 438 439 440]
 ...
 [  0   1   2 ... 438 439 440]
 [  0   1   2 ... 438 439 440]
 [  0   1   2 ... 438 439 440]][[0.2006075  0.22212173 0.12813185 ... 0.10113636 0.10113636 0.10113636]
 [0.12212173 0.2006075  0.17212173 ... 0.10090805 0.10090857 0.10090909]
 [0.02813185 0.12212173 0.2006075  ... 0.10067974 0.10068078 0.10068182]
 ...
 [0.00113636 0.00113636 0.00113636 ... 0.2006075  0.12234952 0.02858639]
 [0.00113636 0.00113636 0.00113636 ... 0.12212173 0.2006075  0.122349  ]
 [0.05       0.05       0.05       ... 0.07699548 0.17098536 0.24947114]][[  0   0   0 ...   0   0   0]
 [  1   1   1 ...   1   1   1]
 [  2   2   2 ...   2   2   2]
 ...
 [437 437 437 ... 437 437 437]
 [438 438 438 ... 438 438 438]
 [439 439 439 ... 439 439 439]]
[[  0   1   2 ... 437 438 439]
 [  0   1   2 ... 437 438 439]
 [  0   1   2 ... 437 438 439]
 ...
 [  0   1   2 ... 437 438 439]
 [  0   1   2 ... 437 438 439]
 [  0   1   2 ... 437 438 439]][[0.20061009 0.22212431 0.12813444 ... 0.10113895 0.10113895 0.10113895]
 [0.12212431 0.20061009 0.17212431 ... 0.10091012 0.10091064 0.10091116]
 [0.02813444 0.12212431 0.20061009 ... 0.10068129 0.10068233 0.10068337]
 ...
 [0.00113895 0.00113895 0.00113895 ... 0.20061009 0.12235262 0.02859002]
 [0.00113895 0.00113895 0.00113895 ... 0.12212431 0.20061009 0.1223521 ]
 [0.05       0.05       0.05       ... 0.07699548 0.17098536 0.24947114]][[  0   0   0 ...   0   0   0]
 [  1   1   1 ...   1   1   1]
 [  2   2   2 ...   2   2   2]
 ...
 [437 437 437 ... 437 437 437]
 [438 438 438 ... 438 438 438]
 [439 439 439 ... 439 439 439]]
[[  0   1   2 ... 437 438 439]
 [  0   1   2 ... 437 438 439]
 [  0   1   2 ... 437 438 439]
 ...
 [  0   1   2 ... 437 438 439]
 [  0   1   2 ... 437 438 439]
 [  0   1   2 ... 437 438 439]][[0.20061009 0.22212431 0.12813444 ... 0.10113895 0.10113895 0.10113895]
 [0.12212431 0.20061009 0.17212431 ... 0.10091012 0.10091064 0.10091116]
 [0.02813444 0.12212431 0.20061009 ... 0.10068129 0.10068233 0.10068337]
 ...
 [0.00113895 0.00113895 0.00113895 ... 0.20061009 0.12235262 0.02859002]
 [0.00113895 0.00113895 0.00113895 ... 0.12212431 0.20061009 0.1223521 ]
 [0.05       0.05       0.05       ... 0.07699548 0.17098536 0.24947114]][[  0   0   0 ...   0   0   0]
 [  1   1   1 ...   1   1   1]
 [  2   2   2 ...   2   2   2]
 ...
 [437 437 437 ... 437 437 437]
 [438 438 438 ... 438 438 438]
 [439 439 439 ... 439 439 439]]
[[  0   1   2 ... 437 438 439]
 [  0   1   2 ... 437 438 439]
 [  0   1   2 ... 437 438 439]
 ...
 [  0   1   2 ... 437 438 439]
 [  0   1   2 ... 437 438 439]
 [  0   1   2 ... 437 438 439]][[0.40008123 0.15512992 0.10127278 ... 0.10113895 0.10113895 0.10113895]
 [0.05512992 0.40008123 0.10512992 ... 0.10091012 0.10091064 0.10091116]
 [0.00127278 0.05512992 0.40008123 ... 0.10068129 0.10068233 0.10068337]
 ...
 [0.00113895 0.00113895 0.00113895 ... 0.40008123 0.05535823 0.00172836]
 [0.00113895 0.00113895 0.00113895 ... 0.05512992 0.40008123 0.05535771]
 [0.05       0.05       0.05       ... 0.05013383 0.10399097 0.44894228]][[  0   0   0 ...   0   0   0]
 [  1   1   1 ...   1   1   1]
 [  2   2   2 ...   2   2   2]
 ...
 [437 437 437 ... 437 437 437]
 [438 438 438 ... 438 438 438]
 [439 439 439 ... 439 439 439]]
[[  0   1   2 ... 437 438 439]
 [  0   1   2 ... 437 438 439]
 [  0   1   2 ... 437 438 439]
 ...
 [  0   1   2 ... 437 438 439]
 [  0   1   2 ... 437 438 439]
 [  0   1   2 ... 437 438 439]][[0.40008123 0.15512992 0.10127278 ... 0.10113895 0.10113895 0.10113895]
 [0.05512992 0.40008123 0.10512992 ... 0.10091012 0.10091064 0.10091116]
 [0.00127278 0.05512992 0.40008123 ... 0.10068129 0.10068233 0.10068337]
 ...
 [0.00113895 0.00113895 0.00113895 ... 0.40008123 0.05535823 0.00172836]
 [0.00113895 0.00113895 0.00113895 ... 0.05512992 0.40008123 0.05535771]
 [0.05       0.05       0.05       ... 0.05013383 0.10399097 0.44894228]][[  0   0   0 ...   0   0   0]
 [  1   1   1 ...   1   1   1]
 [  2   2   2 ...   2   2   2]
 ...
 [437 437 437 ... 437 437 437]
 [438 438 438 ... 438 438 438]
 [439 439 439 ... 439 439 439]]
[[  0   1   2 ... 437 438 439]
 [  0   1   2 ... 437 438 439]
 [  0   1   2 ... 437 438 439]
 ...
 [  0   1   2 ... 437 438 439]
 [  0   1   2 ... 437 438 439]
 [  0   1   2 ... 437 438 439]][[1.34119712e-001 2.33824528e-001 2.32942899e-001 ... 1.01138952e-001
  1.01138952e-001 1.01138952e-001]
 [1.33824528e-001 1.34119712e-001 1.83824528e-001 ... 1.00910119e-001
  1.00910642e-001 1.00911162e-001]
 [1.32942899e-001 1.33824528e-001 1.34119712e-001 ... 1.00681286e-001
  1.00682331e-001 1.00683371e-001]
 ...
 [1.13895216e-003 1.13895216e-003 1.13895216e-003 ... 1.34119712e-001
  1.34052838e-001 1.33398480e-001]
 [1.13895216e-003 1.13895216e-003 1.13895216e-003 ... 1.33824528e-001
  1.34119712e-001 1.34052318e-001]
 [1.34577853e-187 9.44855262e-187 6.60429978e-186 ... 1.31803947e-001
  1.32685575e-001 1.32980760e-001]][[  0   0   0 ...   0   0   0]
 [  1   1   1 ...   1   1   1]
 [  2   2   2 ...   2   2   2]
 ...
 [437 437 437 ... 437 437 437]
 [438 438 438 ... 438 438 438]
 [439 439 439 ... 439 439 439]]
[[  0   1   2 ... 437 438 439]
 [  0   1   2 ... 437 438 439]
 [  0   1   2 ... 437 438 439]
 ...
 [  0   1   2 ... 437 438 439]
 [  0   1   2 ... 437 438 439]
 [  0   1   2 ... 437 438 439]][[0.06098029 0.15979536 0.15637947 ... 0.10113895 0.10113895 0.10113895]
 [0.05979536 0.06098029 0.10979536 ... 0.10091012 0.10091064 0.10091116]
 [0.05637947 0.05979536 0.06098029 ... 0.10068129 0.10068233 0.10068337]
 ...
 [0.00113895 0.00113895 0.00113895 ... 0.06098029 0.06002367 0.05683505]
 [0.00113895 0.00113895 0.00113895 ... 0.05979536 0.06098029 0.06002315]
 [0.         0.         0.         ... 0.05524052 0.0586564  0.05984134]][[  0   0   0 ...   0   0   0]
 [  1   1   1 ...   1   1   1]
 [  2   2   2 ...   2   2   2]
 ...
 [437 437 437 ... 437 437 437]
 [438 438 438 ... 438 438 438]
 [439 439 439 ... 439 439 439]]
[[  0   1   2 ... 437 438 439]
 [  0   1   2 ... 437 438 439]
 [  0   1   2 ... 437 438 439]
 ...
 [  0   1   2 ... 437 438 439]
 [  0   1   2 ... 437 438 439]
 [  0   1   2 ... 437 438 439]][[0.06098029 1.05979536 1.05637947 ... 1.00113895 1.00113895 1.00113895]
 [0.05979536 0.06098029 0.55979536 ... 0.99885062 0.99885585 0.99886105]
 [0.05637947 0.05979536 0.06098029 ... 0.99656229 0.99657274 0.99658314]
 ...
 [0.00113895 0.00113895 0.00113895 ... 0.06098029 0.06207846 0.06093528]
 [0.00113895 0.00113895 0.00113895 ... 0.05979536 0.06098029 0.06207326]
 [0.5        0.5        0.5        ... 0.55524052 0.5586564  0.55984134]][[  0   0   0 ...   0   0   0]
 [  1   1   1 ...   1   1   1]
 [  2   2   2 ...   2   2   2]
 ...
 [437 437 437 ... 437 437 437]
 [438 438 438 ... 438 438 438]
 [439 439 439 ... 439 439 439]]
[[  0   1   2 ... 437 438 439]
 [  0   1   2 ... 437 438 439]
 [  0   1   2 ... 437 438 439]
 ...
 [  0   1   2 ... 437 438 439]
 [  0   1   2 ... 437 438 439]
 [  0   1   2 ... 437 438 439]][[0.30034566 0.282617   0.14163218 ... 0.10113895 0.10113895 0.10113895]
 [0.182617   0.30034566 0.232617   ... 0.10091012 0.10091064 0.10091116]
 [0.04163218 0.182617   0.30034566 ... 0.10068129 0.10068233 0.10068337]
 ...
 [0.00113895 0.00113895 0.00113895 ... 0.30034566 0.18284531 0.04208776]
 [0.00113895 0.00113895 0.00113895 ... 0.182617   0.30034566 0.18284479]
 [0.5        0.5        0.5        ... 0.54049322 0.68147804 0.79920671]][[  0   0   0 ...   0   0   0]
 [  1   1   1 ...   1   1   1]
 [  2   2   2 ...   2   2   2]
 ...
 [437 437 437 ... 437 437 437]
 [438 438 438 ... 438 438 438]
 [439 439 439 ... 439 439 439]]
[[  0   1   2 ... 437 438 439]
 [  0   1   2 ... 437 438 439]
 [  0   1   2 ... 437 438 439]
 ...
 [  0   1   2 ... 437 438 439]
 [  0   1   2 ... 437 438 439]
 [  0   1   2 ... 437 438 439]][[0.04103318 0.14024322 0.13796597 ... 0.10113895 0.10113895 0.10113895]
 [0.04024322 0.04103318 0.09024322 ... 0.10091012 0.10091064 0.10091116]
 [0.03796597 0.04024322 0.04103318 ... 0.10068129 0.10068233 0.10068337]
 ...
 [0.00113895 0.00113895 0.00113895 ... 0.04103318 0.04047153 0.03842155]
 [0.00113895 0.00113895 0.00113895 ... 0.04024322 0.04103318 0.04047101]
 [0.5        0.5        0.5        ... 0.53682701 0.53910427 0.53989423]][[  0   0   0 ...   0   0   0]
 [  1   1   1 ...   1   1   1]
 [  2   2   2 ...   2   2   2]
 ...
 [437 437 437 ... 437 437 437]
 [438 438 438 ... 438 438 438]
 [439 439 439 ... 439 439 439]]
[[  0   1   2 ... 437 438 439]
 [  0   1   2 ... 437 438 439]
 [  0   1   2 ... 437 438 439]
 ...
 [  0   1   2 ... 437 438 439]
 [  0   1   2 ... 437 438 439]
 [  0   1   2 ... 437 438 439]][[0.20061009 0.12212431 0.02813444 ... 0.00113895 0.00113895 0.00113895]
 [0.12212431 0.20061009 0.12212431 ... 0.00113895 0.00113895 0.00113895]
 [0.02813444 0.12212431 0.20061009 ... 0.00113895 0.00113895 0.00113895]
 ...
 [0.00113895 0.00113895 0.00113895 ... 0.20061009 0.12212431 0.02813444]
 [0.00113895 0.00113895 0.00113895 ... 0.12212431 0.20061009 0.12212431]
 [0.         0.         0.         ... 0.02699548 0.12098536 0.19947114]][[  0   0   0 ...   0   0   0]
 [  1   1   1 ...   1   1   1]
 [  2   2   2 ...   2   2   2]
 ...
 [437 437 437 ... 437 437 437]
 [438 438 438 ... 438 438 438]
 [439 439 439 ... 439 439 439]]
[[  0   1   2 ... 437 438 439]
 [  0   1   2 ... 437 438 439]
 [  0   1   2 ... 437 438 439]
 ...
 [  0   1   2 ... 437 438 439]
 [  0   1   2 ... 437 438 439]
 [  0   1   2 ... 437 438 439]][[0.19969893 0.12121315 0.02722327 ... 0.00022779 0.00022779 0.00022779]
 [0.12121315 0.19969893 0.12121315 ... 0.00022779 0.00022779 0.00022779]
 [0.02722327 0.12121315 0.19969893 ... 0.00022779 0.00022779 0.00022779]
 ...
 [0.00022779 0.00022779 0.00022779 ... 0.19969893 0.12121315 0.02722327]
 [0.00022779 0.00022779 0.00022779 ... 0.12121315 0.19969893 0.12121315]
 [0.         0.         0.         ... 0.02699548 0.12098536 0.19947114]][[  0   0   0 ...   0   0   0]
 [  1   1   1 ...   1   1   1]
 [  2   2   2 ...   2   2   2]
 ...
 [437 437 437 ... 437 437 437]
 [438 438 438 ... 438 438 438]
 [439 439 439 ... 439 439 439]]
[[  0   1   2 ... 437 438 439]
 [  0   1   2 ... 437 438 439]
 [  0   1   2 ... 437 438 439]
 ...
 [  0   1   2 ... 437 438 439]
 [  0   1   2 ... 437 438 439]
 [  0   1   2 ... 437 438 439]][[3.99170071e-01 5.42187569e-02 3.61620659e-04 ... 2.27790433e-04
  2.27790433e-04 2.27790433e-04]
 [5.42187569e-02 3.99170071e-01 5.42187569e-02 ... 2.27790433e-04
  2.27790433e-04 2.27790433e-04]
 [3.61620659e-04 5.42187569e-02 3.99170071e-01 ... 2.27790433e-04
  2.27790433e-04 2.27790433e-04]
 ...
 [2.27790433e-04 2.27790433e-04 2.27790433e-04 ... 3.99170071e-01
  5.42187569e-02 3.61620659e-04]
 [2.27790433e-04 2.27790433e-04 2.27790433e-04 ... 5.42187569e-02
  3.99170071e-01 5.42187569e-02]
 [0.00000000e+00 0.00000000e+00 0.00000000e+00 ... 1.33830226e-04
  5.39909665e-02 3.98942280e-01]][[  0   0   0 ...   0   0   0]
 [  1   1   1 ...   1   1   1]
 [  2   2   2 ...   2   2   2]
 ...
 [437 437 437 ... 437 437 437]
 [438 438 438 ... 438 438 438]
 [439 439 439 ... 439 439 439]]
[[  0   1   2 ... 437 438 439]
 [  0   1   2 ... 437 438 439]
 [  0   1   2 ... 437 438 439]
 ...
 [  0   1   2 ... 437 438 439]
 [  0   1   2 ... 437 438 439]
 [  0   1   2 ... 437 438 439]][[1.99585035e-01 1.21099257e-01 2.71093785e-02 ... 1.13895216e-04
  1.13895216e-04 1.13895216e-04]
 [1.21099257e-01 1.99585035e-01 1.21099257e-01 ... 1.13895216e-04
  1.13895216e-04 1.13895216e-04]
 [2.71093785e-02 1.21099257e-01 1.99585035e-01 ... 1.13895216e-04
  1.13895216e-04 1.13895216e-04]
 ...
 [1.13895216e-04 1.13895216e-04 1.13895216e-04 ... 1.99585035e-01
  1.21099257e-01 2.71093785e-02]
 [1.13895216e-04 1.13895216e-04 1.13895216e-04 ... 1.21099257e-01
  1.99585035e-01 1.21099257e-01]
 [0.00000000e+00 0.00000000e+00 0.00000000e+00 ... 2.69954833e-02
  1.20985362e-01 1.99471140e-01]][[  0   0   0 ...   0   0   0]
 [  1   1   1 ...   1   1   1]
 [  2   2   2 ...   2   2   2]
 ...
 [437 437 437 ... 437 437 437]
 [438 438 438 ... 438 438 438]
 [439 439 439 ... 439 439 439]]
[[  0   1   2 ... 437 438 439]
 [  0   1   2 ... 437 438 439]
 [  0   1   2 ... 437 438 439]
 ...
 [  0   1   2 ... 437 438 439]
 [  0   1   2 ... 437 438 439]
 [  0   1   2 ... 437 438 439]][[1.99585035e-01 1.21099257e-01 2.71093785e-02 ... 1.13895216e-04
  1.13895216e-04 1.13895216e-04]
 [1.21099257e-01 1.99585035e-01 1.21099257e-01 ... 1.13895216e-04
  1.13895216e-04 1.13895216e-04]
 [2.71093785e-02 1.21099257e-01 1.99585035e-01 ... 1.13895216e-04
  1.13895216e-04 1.13895216e-04]
 ...
 [1.13895216e-04 1.13895216e-04 1.13895216e-04 ... 1.99585035e-01
  1.21099257e-01 2.71093785e-02]
 [1.13895216e-04 1.13895216e-04 1.13895216e-04 ... 1.21099257e-01
  1.99585035e-01 1.21099257e-01]
 [0.00000000e+00 0.00000000e+00 0.00000000e+00 ... 2.69954833e-02
  1.20985362e-01 1.99471140e-01]][[  0   0   0 ...   0   0   0]
 [  1   1   1 ...   1   1   1]
 [  2   2   2 ...   2   2   2]
 ...
 [437 437 437 ... 437 437 437]
 [438 438 438 ... 438 438 438]
 [439 439 439 ... 439 439 439]]
[[  0   1   2 ... 437 438 439]
 [  0   1   2 ... 437 438 439]
 [  0   1   2 ... 437 438 439]
 ...
 [  0   1   2 ... 437 438 439]
 [  0   1   2 ... 437 438 439]
 [  0   1   2 ... 437 438 439]][[0.06098029 0.15979536 0.15637947 ... 0.10113895 0.10113895 0.10113895]
 [0.05979536 0.06098029 0.10979536 ... 0.10091012 0.10091064 0.10091116]
 [0.05637947 0.05979536 0.06098029 ... 0.10068129 0.10068233 0.10068337]
 ...
 [0.00113895 0.00113895 0.00113895 ... 0.06098029 0.06002367 0.05683505]
 [0.00113895 0.00113895 0.00113895 ... 0.05979536 0.06098029 0.06002315]
 [0.         0.         0.         ... 0.05524052 0.0586564  0.05984134]][[  0   0   0 ...   0   0   0]
 [  1   1   1 ...   1   1   1]
 [  2   2   2 ...   2   2   2]
 ...
 [437 437 437 ... 437 437 437]
 [438 438 438 ... 438 438 438]
 [439 439 439 ... 439 439 439]]
[[  0   1   2 ... 437 438 439]
 [  0   1   2 ... 437 438 439]
 [  0   1   2 ... 437 438 439]
 ...
 [  0   1   2 ... 437 438 439]
 [  0   1   2 ... 437 438 439]
 [  0   1   2 ... 437 438 439]][[0.05100674 0.14514712 0.13138529 ... 0.10113895 0.10113895 0.10113895]
 [0.04514712 0.05100674 0.09514712 ... 0.10091012 0.10091064 0.10091116]
 [0.03138529 0.04514712 0.05100674 ... 0.10068129 0.10068233 0.10068337]
 ...
 [0.00113895 0.00113895 0.00113895 ... 0.05100674 0.04537543 0.03184087]
 [0.00113895 0.00113895 0.00113895 ... 0.04514712 0.05100674 0.04537491]
 [0.         0.         0.         ... 0.03024634 0.04400817 0.04986779]][[  0   0   0 ...   0   0   0]
 [  1   1   1 ...   1   1   1]
 [  2   2   2 ...   2   2   2]
 ...
 [438 438 438 ... 438 438 438]
 [439 439 439 ... 439 439 439]
 [440 440 440 ... 440 440 440]]
[[  0   1   2 ... 438 439 440]
 [  0   1   2 ... 438 439 440]
 [  0   1   2 ... 438 439 440]
 ...
 [  0   1   2 ... 438 439 440]
 [  0   1   2 ... 438 439 440]
 [  0   1   2 ... 438 439 440]][[0.05100415 0.14514453 0.1313827  ... 0.10113636 0.10113636 0.10113636]
 [0.04514453 0.05100415 0.09514453 ... 0.10090805 0.10090857 0.10090909]
 [0.0313827  0.04514453 0.05100415 ... 0.10067974 0.10068078 0.10068182]
 ...
 [0.00113636 0.00113636 0.00113636 ... 0.05100415 0.04537232 0.03183725]
 [0.00113636 0.00113636 0.00113636 ... 0.04514453 0.05100415 0.0453718 ]
 [0.         0.         0.         ... 0.03024634 0.04400817 0.04986779]][[  0   0   0 ...   0   0   0]
 [  1   1   1 ...   1   1   1]
 [  2   2   2 ...   2   2   2]
 ...
 [437 437 437 ... 437 437 437]
 [438 438 438 ... 438 438 438]
 [439 439 439 ... 439 439 439]]
[[  0   1   2 ... 437 438 439]
 [  0   1   2 ... 437 438 439]
 [  0   1   2 ... 437 438 439]
 ...
 [  0   1   2 ... 437 438 439]
 [  0   1   2 ... 437 438 439]
 [  0   1   2 ... 437 438 439]][[0.05100674 0.14514712 0.13138529 ... 0.10113895 0.10113895 0.10113895]
 [0.04514712 0.05100674 0.09514712 ... 0.10091012 0.10091064 0.10091116]
 [0.03138529 0.04514712 0.05100674 ... 0.10068129 0.10068233 0.10068337]
 ...
 [0.00113895 0.00113895 0.00113895 ... 0.05100674 0.04537543 0.03184087]
 [0.00113895 0.00113895 0.00113895 ... 0.04514712 0.05100674 0.04537491]
 [0.         0.         0.         ... 0.03024634 0.04400817 0.04986779]][[  0   0   0 ...   0   0   0]
 [  1   1   1 ...   1   1   1]
 [  2   2   2 ...   2   2   2]
 ...
 [438 438 438 ... 438 438 438]
 [439 439 439 ... 439 439 439]
 [440 440 440 ... 440 440 440]]
[[  0   1   2 ... 438 439 440]
 [  0   1   2 ... 438 439 440]
 [  0   1   2 ... 438 439 440]
 ...
 [  0   1   2 ... 438 439 440]
 [  0   1   2 ... 438 439 440]
 [  0   1   2 ... 438 439 440]][[0.05100415 0.14514453 0.1313827  ... 0.10113636 0.10113636 0.10113636]
 [0.04514453 0.05100415 0.09514453 ... 0.10090805 0.10090857 0.10090909]
 [0.0313827  0.04514453 0.05100415 ... 0.10067974 0.10068078 0.10068182]
 ...
 [0.00113636 0.00113636 0.00113636 ... 0.05100415 0.04537232 0.03183725]
 [0.00113636 0.00113636 0.00113636 ... 0.04514453 0.05100415 0.0453718 ]
 [0.         0.         0.         ... 0.03024634 0.04400817 0.04986779]][[  0   0   0 ...   0   0   0]
 [  1   1   1 ...   1   1   1]
 [  2   2   2 ...   2   2   2]
 ...
 [437 437 437 ... 437 437 437]
 [438 438 438 ... 438 438 438]
 [439 439 439 ... 439 439 439]]
[[  0   1   2 ... 437 438 439]
 [  0   1   2 ... 437 438 439]
 [  0   1   2 ... 437 438 439]
 ...
 [  0   1   2 ... 437 438 439]
 [  0   1   2 ... 437 438 439]
 [  0   1   2 ... 437 438 439]][[0.05100674 1.04514712 1.03138529 ... 1.00113895 1.00113895 1.00113895]
 [0.04514712 0.05100674 0.54514712 ... 0.99885062 0.99885585 0.99886105]
 [0.03138529 0.04514712 0.05100674 ... 0.99656229 0.99657274 0.99658314]
 ...
 [0.00113895 0.00113895 0.00113895 ... 0.05100674 0.04743022 0.0359411 ]
 [0.00113895 0.00113895 0.00113895 ... 0.04514712 0.05100674 0.04742502]
 [0.05       0.05       0.05       ... 0.08024634 0.09400817 0.09986779]][[  0   0   0 ...   0   0   0]
 [  1   1   1 ...   1   1   1]
 [  2   2   2 ...   2   2   2]
 ...
 [438 438 438 ... 438 438 438]
 [439 439 439 ... 439 439 439]
 [440 440 440 ... 440 440 440]]
[[  0   1   2 ... 438 439 440]
 [  0   1   2 ... 438 439 440]
 [  0   1   2 ... 438 439 440]
 ...
 [  0   1   2 ... 438 439 440]
 [  0   1   2 ... 438 439 440]
 [  0   1   2 ... 438 439 440]][[0.05100415 1.04514453 1.0313827  ... 1.00113636 1.00113636 1.00113636]
 [0.04514453 0.05100415 0.54514453 ... 0.99885326 0.99885846 0.99886364]
 [0.0313827  0.04514453 0.05100415 ... 0.99657015 0.99658055 0.99659091]
 ...
 [0.00113636 0.00113636 0.00113636 ... 0.05100415 0.04742243 0.03592816]
 [0.00113636 0.00113636 0.00113636 ... 0.04514453 0.05100415 0.04741726]
 [0.05       0.05       0.05       ... 0.08024634 0.09400817 0.09986779]][[  0   0   0 ...   0   0   0]
 [  1   1   1 ...   1   1   1]
 [  2   2   2 ...   2   2   2]
 ...
 [437 437 437 ... 437 437 437]
 [438 438 438 ... 438 438 438]
 [439 439 439 ... 439 439 439]]
[[  0   1   2 ... 437 438 439]
 [  0   1   2 ... 437 438 439]
 [  0   1   2 ... 437 438 439]
 ...
 [  0   1   2 ... 437 438 439]
 [  0   1   2 ... 437 438 439]
 [  0   1   2 ... 437 438 439]][[1.49717250e-01 2.32138393e-01 1.90852917e-01 ... 1.00113895e-01
  1.00113895e-01 1.00113895e-01]
 [1.32138393e-01 1.49717250e-01 1.82138393e-01 ... 9.98850623e-02
  9.98855847e-02 9.98861048e-02]
 [9.08529169e-02 1.32138393e-01 1.49717250e-01 ... 9.96562293e-02
  9.96572742e-02 9.96583144e-02]
 ...
 [1.13895216e-04 1.13895216e-04 1.13895216e-04 ... 1.49717250e-01
  1.32366703e-01 9.13084978e-02]
 [1.13895216e-04 1.13895216e-04 1.13895216e-04 ... 1.32138393e-01
  1.49717250e-01 1.32366183e-01]
 [5.00000000e-02 5.00000000e-02 5.00000000e-02 ... 1.40739022e-01
  1.82024498e-01 1.99603355e-01]][[  0   0   0 ...   0   0   0]
 [  1   1   1 ...   1   1   1]
 [  2   2   2 ...   2   2   2]
 ...
 [437 437 437 ... 437 437 437]
 [438 438 438 ... 438 438 438]
 [439 439 439 ... 439 439 439]]
[[  0   1   2 ... 437 438 439]
 [  0   1   2 ... 437 438 439]
 [  0   1   2 ... 437 438 439]
 ...
 [  0   1   2 ... 437 438 439]
 [  0   1   2 ... 437 438 439]
 [  0   1   2 ... 437 438 439]][[1.49717250e-01 2.32138393e-01 1.90852917e-01 ... 1.00113895e-01
  1.00113895e-01 1.00113895e-01]
 [1.32138393e-01 1.49717250e-01 1.82138393e-01 ... 9.98850623e-02
  9.98855847e-02 9.98861048e-02]
 [9.08529169e-02 1.32138393e-01 1.49717250e-01 ... 9.96562293e-02
  9.96572742e-02 9.96583144e-02]
 ...
 [1.13895216e-04 1.13895216e-04 1.13895216e-04 ... 1.49717250e-01
  1.32366703e-01 9.13084978e-02]
 [1.13895216e-04 1.13895216e-04 1.13895216e-04 ... 1.32138393e-01
  1.49717250e-01 1.32366183e-01]
 [5.00000000e-02 5.00000000e-02 5.00000000e-02 ... 1.40739022e-01
  1.82024498e-01 1.99603355e-01]][[  0   0   0 ...   0   0   0]
 [  1   1   1 ...   1   1   1]
 [  2   2   2 ...   2   2   2]
 ...
 [437 437 437 ... 437 437 437]
 [438 438 438 ... 438 438 438]
 [439 439 439 ... 439 439 439]]
[[  0   1   2 ... 437 438 439]
 [  0   1   2 ... 437 438 439]
 [  0   1   2 ... 437 438 439]
 ...
 [  0   1   2 ... 437 438 439]
 [  0   1   2 ... 437 438 439]
 [  0   1   2 ... 437 438 439]][[9.98494653e-02 1.88130227e-01 1.60606576e-01 ... 1.00113895e-01
  1.00113895e-01 1.00113895e-01]
 [8.81302269e-02 9.98494653e-02 1.38130227e-01 ... 9.98850623e-02
  9.98855847e-02 9.98861048e-02]
 [6.06065763e-02 8.81302269e-02 9.98494653e-02 ... 9.96562293e-02
  9.96572742e-02 9.96583144e-02]
 ...
 [1.13895216e-04 1.13895216e-04 1.13895216e-04 ... 9.98494653e-02
  8.83585374e-02 6.10621572e-02]
 [1.13895216e-04 1.13895216e-04 1.13895216e-04 ... 8.81302269e-02
  9.98494653e-02 8.83580173e-02]
 [5.00000000e-02 5.00000000e-02 5.00000000e-02 ... 1.10492681e-01
  1.38016332e-01 1.49735570e-01]][[  0   0   0 ...   0   0   0]
 [  1   1   1 ...   1   1   1]
 [  2   2   2 ...   2   2   2]
 ...
 [437 437 437 ... 437 437 437]
 [438 438 438 ... 438 438 438]
 [439 439 439 ... 439 439 439]]
[[  0   1   2 ... 437 438 439]
 [  0   1   2 ... 437 438 439]
 [  0   1   2 ... 437 438 439]
 ...
 [  0   1   2 ... 437 438 439]
 [  0   1   2 ... 437 438 439]
 [  0   1   2 ... 437 438 439]][[5.99552373e-02 1.52923694e-01 1.36409504e-01 ... 1.00113895e-01
  1.00113895e-01 1.00113895e-01]
 [5.29236942e-02 5.99552373e-02 1.02923694e-01 ... 9.98850623e-02
  9.98855847e-02 9.98861048e-02]
 [3.64095039e-02 5.29236942e-02 5.99552373e-02 ... 9.96562293e-02
  9.96572742e-02 9.96583144e-02]
 ...
 [1.13895216e-04 1.13895216e-04 1.13895216e-04 ... 5.99552373e-02
  5.31520047e-02 3.68650848e-02]
 [1.13895216e-04 1.13895216e-04 1.13895216e-04 ... 5.29236942e-02
  5.99552373e-02 5.31514847e-02]
 [5.00000000e-02 5.00000000e-02 5.00000000e-02 ... 8.62956087e-02
  1.02809799e-01 1.09841342e-01]][[  0   0   0 ...   0   0   0]
 [  1   1   1 ...   1   1   1]
 [  2   2   2 ...   2   2   2]
 ...
 [437 437 437 ... 437 437 437]
 [438 438 438 ... 438 438 438]
 [439 439 439 ... 439 439 439]]
[[  0   1   2 ... 437 438 439]
 [  0   1   2 ... 437 438 439]
 [  0   1   2 ... 437 438 439]
 ...
 [  0   1   2 ... 437 438 439]
 [  0   1   2 ... 437 438 439]
 [  0   1   2 ... 437 438 439]][[1.99585035e-01 2.21099257e-01 1.27109378e-01 ... 1.00113895e-01
  1.00113895e-01 1.00113895e-01]
 [1.21099257e-01 1.99585035e-01 1.71099257e-01 ... 9.98850623e-02
  9.98855847e-02 9.98861048e-02]
 [2.71093785e-02 1.21099257e-01 1.99585035e-01 ... 9.96562293e-02
  9.96572742e-02 9.96583144e-02]
 ...
 [1.13895216e-04 1.13895216e-04 1.13895216e-04 ... 1.99585035e-01
  1.21327568e-01 2.75649593e-02]
 [1.13895216e-04 1.13895216e-04 1.13895216e-04 ... 1.21099257e-01
  1.99585035e-01 1.21327048e-01]
 [5.00000000e-02 5.00000000e-02 5.00000000e-02 ... 7.69954833e-02
  1.70985362e-01 2.49471140e-01]][[  0   0   0 ...   0   0   0]
 [  1   1   1 ...   1   1   1]
 [  2   2   2 ...   2   2   2]
 ...
 [437 437 437 ... 437 437 437]
 [438 438 438 ... 438 438 438]
 [439 439 439 ... 439 439 439]]
[[  0   1   2 ... 437 438 439]
 [  0   1   2 ... 437 438 439]
 [  0   1   2 ... 437 438 439]
 ...
 [  0   1   2 ... 437 438 439]
 [  0   1   2 ... 437 438 439]
 [  0   1   2 ... 437 438 439]][[0.09973557 0.18801633 0.16049268 ... 0.1        0.1        0.1       ]
 [0.08801633 0.09973557 0.13801633 ... 0.09977117 0.09977169 0.09977221]
 [0.06049268 0.08801633 0.09973557 ... 0.09954233 0.09954338 0.09954442]
 ...
 [0.         0.         0.         ... 0.09973557 0.08824464 0.06094826]
 [0.         0.         0.         ... 0.08801633 0.09973557 0.08824412]
 [0.05       0.05       0.05       ... 0.11049268 0.13801633 0.14973557]][[  0   0   0 ...   0   0   0]
 [  1   1   1 ...   1   1   1]
 [  2   2   2 ...   2   2   2]
 ...
 [437 437 437 ... 437 437 437]
 [438 438 438 ... 438 438 438]
 [439 439 439 ... 439 439 439]]
[[  0   1   2 ... 437 438 439]
 [  0   1   2 ... 437 438 439]
 [  0   1   2 ... 437 438 439]
 ...
 [  0   1   2 ... 437 438 439]
 [  0   1   2 ... 437 438 439]
 [  0   1   2 ... 437 438 439]][[0.09973557 0.18801633 0.16049268 ... 0.1        0.1        0.1       ]
 [0.08801633 0.09973557 0.13801633 ... 0.09977117 0.09977169 0.09977221]
 [0.06049268 0.08801633 0.09973557 ... 0.09954233 0.09954338 0.09954442]
 ...
 [0.         0.         0.         ... 0.09973557 0.08824464 0.06094826]
 [0.         0.         0.         ... 0.08801633 0.09973557 0.08824412]
 [0.05       0.05       0.05       ... 0.11049268 0.13801633 0.14973557]][[  0   0   0 ...   0   0   0]
 [  1   1   1 ...   1   1   1]
 [  2   2   2 ...   2   2   2]
 ...
 [437 437 437 ... 437 437 437]
 [438 438 438 ... 438 438 438]
 [439 439 439 ... 439 439 439]]
[[  0   1   2 ... 437 438 439]
 [  0   1   2 ... 437 438 439]
 [  0   1   2 ... 437 438 439]
 ...
 [  0   1   2 ... 437 438 439]
 [  0   1   2 ... 437 438 439]
 [  0   1   2 ... 437 438 439]][[9.98494653e-02 1.88130227e-01 1.60606576e-01 ... 1.00113895e-01
  1.00113895e-01 1.00113895e-01]
 [8.81302269e-02 9.98494653e-02 1.38130227e-01 ... 9.98850623e-02
  9.98855847e-02 9.98861048e-02]
 [6.06065763e-02 8.81302269e-02 9.98494653e-02 ... 9.96562293e-02
  9.96572742e-02 9.96583144e-02]
 ...
 [1.13895216e-04 1.13895216e-04 1.13895216e-04 ... 9.98494653e-02
  8.83585374e-02 6.10621572e-02]
 [1.13895216e-04 1.13895216e-04 1.13895216e-04 ... 8.81302269e-02
  9.98494653e-02 8.83580173e-02]
 [5.00000000e-02 5.00000000e-02 5.00000000e-02 ... 1.10492681e-01
  1.38016332e-01 1.49735570e-01]][[  0   0   0 ...   0   0   0]
 [  1   1   1 ...   1   1   1]
 [  2   2   2 ...   2   2   2]
 ...
 [437 437 437 ... 437 437 437]
 [438 438 438 ... 438 438 438]
 [439 439 439 ... 439 439 439]]
[[  0   1   2 ... 437 438 439]
 [  0   1   2 ... 437 438 439]
 [  0   1   2 ... 437 438 439]
 ...
 [  0   1   2 ... 437 438 439]
 [  0   1   2 ... 437 438 439]
 [  0   1   2 ... 437 438 439]][[9.98494653e-02 1.88130227e-01 1.60606576e-01 ... 1.00113895e-01
  1.00113895e-01 1.00113895e-01]
 [8.81302269e-02 9.98494653e-02 1.38130227e-01 ... 9.98850623e-02
  9.98855847e-02 9.98861048e-02]
 [6.06065763e-02 8.81302269e-02 9.98494653e-02 ... 9.96562293e-02
  9.96572742e-02 9.96583144e-02]
 ...
 [1.13895216e-04 1.13895216e-04 1.13895216e-04 ... 9.98494653e-02
  8.83585374e-02 6.10621572e-02]
 [1.13895216e-04 1.13895216e-04 1.13895216e-04 ... 8.81302269e-02
  9.98494653e-02 8.83580173e-02]
 [5.00000000e-02 5.00000000e-02 5.00000000e-02 ... 1.10492681e-01
  1.38016332e-01 1.49735570e-01]][[  0   0   0 ...   0   0   0]
 [  1   1   1 ...   1   1   1]
 [  2   2   2 ...   2   2   2]
 ...
 [438 438 438 ... 438 438 438]
 [439 439 439 ... 439 439 439]
 [440 440 440 ... 440 440 440]]
[[  0   1   2 ... 438 439 440]
 [  0   1   2 ... 438 439 440]
 [  0   1   2 ... 438 439 440]
 ...
 [  0   1   2 ... 438 439 440]
 [  0   1   2 ... 438 439 440]
 [  0   1   2 ... 438 439 440]][[9.98492065e-02 1.88129968e-01 1.60606317e-01 ... 1.00113636e-01
  1.00113636e-01 1.00113636e-01]
 [8.81299681e-02 9.98492065e-02 1.38129968e-01 ... 9.98853259e-02
  9.98858459e-02 9.98863636e-02]
 [6.06063175e-02 8.81299681e-02 9.98492065e-02 ... 9.96570154e-02
  9.96580555e-02 9.96590909e-02]
 ...
 [1.13636364e-04 1.13636364e-04 1.13636364e-04 ... 9.98492065e-02
  8.83577585e-02 6.10608629e-02]
 [1.13636364e-04 1.13636364e-04 1.13636364e-04 ... 8.81299681e-02
  9.98492065e-02 8.83572408e-02]
 [5.00000000e-02 5.00000000e-02 5.00000000e-02 ... 1.10492681e-01
  1.38016332e-01 1.49735570e-01]][[  0   0   0 ...   0   0   0]
 [  1   1   1 ...   1   1   1]
 [  2   2   2 ...   2   2   2]
 ...
 [438 438 438 ... 438 438 438]
 [439 439 439 ... 439 439 439]
 [440 440 440 ... 440 440 440]]
[[  0   1   2 ... 438 439 440]
 [  0   1   2 ... 438 439 440]
 [  0   1   2 ... 438 439 440]
 ...
 [  0   1   2 ... 438 439 440]
 [  0   1   2 ... 438 439 440]
 [  0   1   2 ... 438 439 440]][[9.98492065e-02 8.81299681e-02 6.06063175e-02 ... 1.13636364e-04
  1.13636364e-04 1.13636364e-04]
 [8.81299681e-02 9.98492065e-02 8.81299681e-02 ... 1.13636364e-04
  1.13636364e-04 1.13636364e-04]
 [6.06063175e-02 8.81299681e-02 9.98492065e-02 ... 1.13636364e-04
  1.13636364e-04 1.13636364e-04]
 ...
 [1.13636364e-04 1.13636364e-04 1.13636364e-04 ... 9.98492065e-02
  8.81299681e-02 6.06063175e-02]
 [1.13636364e-04 1.13636364e-04 1.13636364e-04 ... 8.81299681e-02
  9.98492065e-02 8.81299681e-02]
 [5.00000000e-02 5.00000000e-02 5.00000000e-02 ... 1.10492681e-01
  1.38016332e-01 1.49735570e-01]][[  0   0   0 ...   0   0   0]
 [  1   1   1 ...   1   1   1]
 [  2   2   2 ...   2   2   2]
 ...
 [438 438 438 ... 438 438 438]
 [439 439 439 ... 439 439 439]
 [440 440 440 ... 440 440 440]]
[[  0   1   2 ... 438 439 440]
 [  0   1   2 ... 438 439 440]
 [  0   1   2 ... 438 439 440]
 ...
 [  0   1   2 ... 438 439 440]
 [  0   1   2 ... 438 439 440]
 [  0   1   2 ... 438 439 440]][[9.98492065e-02 1.88129968e-01 1.60606317e-01 ... 1.00113636e-01
  1.00113636e-01 1.00113636e-01]
 [8.81299681e-02 9.98492065e-02 1.38129968e-01 ... 9.98853259e-02
  9.98858459e-02 9.98863636e-02]
 [6.06063175e-02 8.81299681e-02 9.98492065e-02 ... 9.96570154e-02
  9.96580555e-02 9.96590909e-02]
 ...
 [1.13636364e-04 1.13636364e-04 1.13636364e-04 ... 9.98492065e-02
  8.83577585e-02 6.10608629e-02]
 [1.13636364e-04 1.13636364e-04 1.13636364e-04 ... 8.81299681e-02
  9.98492065e-02 8.83572408e-02]
 [5.00000000e-02 5.00000000e-02 5.00000000e-02 ... 1.10492681e-01
  1.38016332e-01 1.49735570e-01]][[  0   0   0 ...   0   0   0]
 [  1   1   1 ...   1   1   1]
 [  2   2   2 ...   2   2   2]
 ...
 [437 437 437 ... 437 437 437]
 [438 438 438 ... 438 438 438]
 [439 439 439 ... 439 439 439]]
[[  0   1   2 ... 437 438 439]
 [  0   1   2 ... 437 438 439]
 [  0   1   2 ... 437 438 439]
 ...
 [  0   1   2 ... 437 438 439]
 [  0   1   2 ... 437 438 439]
 [  0   1   2 ... 437 438 439]][[9.98494653e-02 1.88130227e-01 1.60606576e-01 ... 1.00113895e-01
  1.00113895e-01 1.00113895e-01]
 [8.81302269e-02 9.98494653e-02 1.38130227e-01 ... 9.98850623e-02
  9.98855847e-02 9.98861048e-02]
 [6.06065763e-02 8.81302269e-02 9.98494653e-02 ... 9.96562293e-02
  9.96572742e-02 9.96583144e-02]
 ...
 [1.13895216e-04 1.13895216e-04 1.13895216e-04 ... 9.98494653e-02
  8.83585374e-02 6.10621572e-02]
 [1.13895216e-04 1.13895216e-04 1.13895216e-04 ... 8.81302269e-02
  9.98494653e-02 8.83580173e-02]
 [5.00000000e-02 5.00000000e-02 5.00000000e-02 ... 1.10492681e-01
  1.38016332e-01 1.49735570e-01]][[  0   0   0 ...   0   0   0]
 [  1   1   1 ...   1   1   1]
 [  2   2   2 ...   2   2   2]
 ...
 [438 438 438 ... 438 438 438]
 [439 439 439 ... 439 439 439]
 [440 440 440 ... 440 440 440]]
[[  0   1   2 ... 438 439 440]
 [  0   1   2 ... 438 439 440]
 [  0   1   2 ... 438 439 440]
 ...
 [  0   1   2 ... 438 439 440]
 [  0   1   2 ... 438 439 440]
 [  0   1   2 ... 438 439 440]][[0.05123142 0.1453718  0.13160998 ... 0.10136364 0.10136364 0.10136364]
 [0.0453718  0.05123142 0.0953718  ... 0.10113533 0.10113585 0.10113636]
 [0.03160998 0.0453718  0.05123142 ... 0.10090702 0.10090806 0.10090909]
 ...
 [0.00136364 0.00136364 0.00136364 ... 0.05123142 0.04559959 0.03206452]
 [0.00136364 0.00136364 0.00136364 ... 0.0453718  0.05123142 0.04559907]
 [0.         0.         0.         ... 0.03024634 0.04400817 0.04986779]][[  0   0   0 ...   0   0   0]
 [  1   1   1 ...   1   1   1]
 [  2   2   2 ...   2   2   2]
 ...
 [437 437 437 ... 437 437 437]
 [438 438 438 ... 438 438 438]
 [439 439 439 ... 439 439 439]]
[[  0   1   2 ... 437 438 439]
 [  0   1   2 ... 437 438 439]
 [  0   1   2 ... 437 438 439]
 ...
 [  0   1   2 ... 437 438 439]
 [  0   1   2 ... 437 438 439]
 [  0   1   2 ... 437 438 439]][[0.05123453 0.14537491 0.13161308 ... 0.10136674 0.10136674 0.10136674]
 [0.04537491 0.05123453 0.09537491 ... 0.10113791 0.10113843 0.10113895]
 [0.03161308 0.04537491 0.05123453 ... 0.10090908 0.10091012 0.10091116]
 ...
 [0.00136674 0.00136674 0.00136674 ... 0.05123453 0.04560322 0.03206866]
 [0.00136674 0.00136674 0.00136674 ... 0.04537491 0.05123453 0.0456027 ]
 [0.         0.         0.         ... 0.03024634 0.04400817 0.04986779]][[  0   0   0 ...   0   0   0]
 [  1   1   1 ...   1   1   1]
 [  2   2   2 ...   2   2   2]
 ...
 [438 438 438 ... 438 438 438]
 [439 439 439 ... 439 439 439]
 [440 440 440 ... 440 440 440]]
[[  0   1   2 ... 438 439 440]
 [  0   1   2 ... 438 439 440]
 [  0   1   2 ... 438 439 440]
 ...
 [  0   1   2 ... 438 439 440]
 [  0   1   2 ... 438 439 440]
 [  0   1   2 ... 438 439 440]][[0.05123142 0.1453718  0.13160998 ... 0.10136364 0.10136364 0.10136364]
 [0.0453718  0.05123142 0.0953718  ... 0.10113533 0.10113585 0.10113636]
 [0.03160998 0.0453718  0.05123142 ... 0.10090702 0.10090806 0.10090909]
 ...
 [0.00136364 0.00136364 0.00136364 ... 0.05123142 0.04559959 0.03206452]
 [0.00136364 0.00136364 0.00136364 ... 0.0453718  0.05123142 0.04559907]
 [0.         0.         0.         ... 0.03024634 0.04400817 0.04986779]][[  0   0   0 ...   0   0   0]
 [  1   1   1 ...   1   1   1]
 [  2   2   2 ...   2   2   2]
 ...
 [438 438 438 ... 438 438 438]
 [439 439 439 ... 439 439 439]
 [440 440 440 ... 440 440 440]]
[[  0   1   2 ... 438 439 440]
 [  0   1   2 ... 438 439 440]
 [  0   1   2 ... 438 439 440]
 ...
 [  0   1   2 ... 438 439 440]
 [  0   1   2 ... 438 439 440]
 [  0   1   2 ... 438 439 440]][[0.06097771 0.15979277 0.15637688 ... 0.10113636 0.10113636 0.10113636]
 [0.05979277 0.06097771 0.10979277 ... 0.10090805 0.10090857 0.10090909]
 [0.05637688 0.05979277 0.06097771 ... 0.10067974 0.10068078 0.10068182]
 ...
 [0.00113636 0.00113636 0.00113636 ... 0.06097771 0.06002056 0.05683143]
 [0.00113636 0.00113636 0.00113636 ... 0.05979277 0.06097771 0.06002004]
 [0.         0.         0.         ... 0.05524052 0.0586564  0.05984134]][[  0   0   0 ...   0   0   0]
 [  1   1   1 ...   1   1   1]
 [  2   2   2 ...   2   2   2]
 ...
 [438 438 438 ... 438 438 438]
 [439 439 439 ... 439 439 439]
 [440 440 440 ... 440 440 440]]
[[  0   1   2 ... 438 439 440]
 [  0   1   2 ... 438 439 440]
 [  0   1   2 ... 438 439 440]
 ...
 [  0   1   2 ... 438 439 440]
 [  0   1   2 ... 438 439 440]
 [  0   1   2 ... 438 439 440]][[0.06097771 0.15979277 0.15637688 ... 0.10113636 0.10113636 0.10113636]
 [0.05979277 0.06097771 0.10979277 ... 0.10090805 0.10090857 0.10090909]
 [0.05637688 0.05979277 0.06097771 ... 0.10067974 0.10068078 0.10068182]
 ...
 [0.00113636 0.00113636 0.00113636 ... 0.06097771 0.06002056 0.05683143]
 [0.00113636 0.00113636 0.00113636 ... 0.05979277 0.06097771 0.06002004]
 [0.         0.         0.         ... 0.05524052 0.0586564  0.05984134]][[  0   0   0 ...   0   0   0]
 [  1   1   1 ...   1   1   1]
 [  2   2   2 ...   2   2   2]
 ...
 [437 437 437 ... 437 437 437]
 [438 438 438 ... 438 438 438]
 [439 439 439 ... 439 439 439]]
[[  0   1   2 ... 437 438 439]
 [  0   1   2 ... 437 438 439]
 [  0   1   2 ... 437 438 439]
 ...
 [  0   1   2 ... 437 438 439]
 [  0   1   2 ... 437 438 439]
 [  0   1   2 ... 437 438 439]][[0.06098029 0.15979536 0.15637947 ... 0.10113895 0.10113895 0.10113895]
 [0.05979536 0.06098029 0.10979536 ... 0.10091012 0.10091064 0.10091116]
 [0.05637947 0.05979536 0.06098029 ... 0.10068129 0.10068233 0.10068337]
 ...
 [0.00113895 0.00113895 0.00113895 ... 0.06098029 0.06002367 0.05683505]
 [0.00113895 0.00113895 0.00113895 ... 0.05979536 0.06098029 0.06002315]
 [0.         0.         0.         ... 0.05524052 0.0586564  0.05984134]][[  0   0   0 ...   0   0   0]
 [  1   1   1 ...   1   1   1]
 [  2   2   2 ...   2   2   2]
 ...
 [217 217 217 ... 217 217 217]
 [218 218 218 ... 218 218 218]
 [219 219 219 ... 219 219 219]]
[[  0   1   2 ... 217 218 219]
 [  0   1   2 ... 217 218 219]
 [  0   1   2 ... 217 218 219]
 ...
 [  0   1   2 ... 217 218 219]
 [  0   1   2 ... 217 218 219]
 [  0   1   2 ... 217 218 219]][[0.09996388 0.18824464 0.16072099 ... 0.10022831 0.10022831 0.10022831]
 [0.08824464 0.09996388 0.13824464 ... 0.09976748 0.09976959 0.09977169]
 [0.06072099 0.08824464 0.09996388 ... 0.09930665 0.09931088 0.09931507]
 ...
 [0.00022831 0.00022831 0.00022831 ... 0.09996388 0.08870336 0.06163423]
 [0.00022831 0.00022831 0.00022831 ... 0.08824464 0.09996388 0.08870126]
 [0.05       0.05       0.05       ... 0.11049268 0.13801633 0.14973557]][[  0   0   0 ...   0   0   0]
 [  1   1   1 ...   1   1   1]
 [  2   2   2 ...   2   2   2]
 ...
 [437 437 437 ... 437 437 437]
 [438 438 438 ... 438 438 438]
 [439 439 439 ... 439 439 439]]
[[  0   1   2 ... 437 438 439]
 [  0   1   2 ... 437 438 439]
 [  0   1   2 ... 437 438 439]
 ...
 [  0   1   2 ... 437 438 439]
 [  0   1   2 ... 437 438 439]
 [  0   1   2 ... 437 438 439]][[9.98494653e-02 1.88130227e-01 1.60606576e-01 ... 1.00113895e-01
  1.00113895e-01 1.00113895e-01]
 [8.81302269e-02 9.98494653e-02 1.38130227e-01 ... 9.98850623e-02
  9.98855847e-02 9.98861048e-02]
 [6.06065763e-02 8.81302269e-02 9.98494653e-02 ... 9.96562293e-02
  9.96572742e-02 9.96583144e-02]
 ...
 [1.13895216e-04 1.13895216e-04 1.13895216e-04 ... 9.98494653e-02
  8.83585374e-02 6.10621572e-02]
 [1.13895216e-04 1.13895216e-04 1.13895216e-04 ... 8.81302269e-02
  9.98494653e-02 8.83580173e-02]
 [5.00000000e-02 5.00000000e-02 5.00000000e-02 ... 1.10492681e-01
  1.38016332e-01 1.49735570e-01]][[  0   0   0 ...   0   0   0]
 [  1   1   1 ...   1   1   1]
 [  2   2   2 ...   2   2   2]
 ...
 [437 437 437 ... 437 437 437]
 [438 438 438 ... 438 438 438]
 [439 439 439 ... 439 439 439]]
[[  0   1   2 ... 437 438 439]
 [  0   1   2 ... 437 438 439]
 [  0   1   2 ... 437 438 439]
 ...
 [  0   1   2 ... 437 438 439]
 [  0   1   2 ... 437 438 439]
 [  0   1   2 ... 437 438 439]][[9.98494653e-02 1.88130227e-01 1.60606576e-01 ... 1.00113895e-01
  1.00113895e-01 1.00113895e-01]
 [8.81302269e-02 9.98494653e-02 1.38130227e-01 ... 9.98850623e-02
  9.98855847e-02 9.98861048e-02]
 [6.06065763e-02 8.81302269e-02 9.98494653e-02 ... 9.96562293e-02
  9.96572742e-02 9.96583144e-02]
 ...
 [1.13895216e-04 1.13895216e-04 1.13895216e-04 ... 9.98494653e-02
  8.83585374e-02 6.10621572e-02]
 [1.13895216e-04 1.13895216e-04 1.13895216e-04 ... 8.81302269e-02
  9.98494653e-02 8.83580173e-02]
 [5.00000000e-02 5.00000000e-02 5.00000000e-02 ... 1.10492681e-01
  1.38016332e-01 1.49735570e-01]][[  0   0   0 ...   0   0   0]
 [  1   1   1 ...   1   1   1]
 [  2   2   2 ...   2   2   2]
 ...
 [437 437 437 ... 437 437 437]
 [438 438 438 ... 438 438 438]
 [439 439 439 ... 439 439 439]]
[[  0   1   2 ... 437 438 439]
 [  0   1   2 ... 437 438 439]
 [  0   1   2 ... 437 438 439]
 ...
 [  0   1   2 ... 437 438 439]
 [  0   1   2 ... 437 438 439]
 [  0   1   2 ... 437 438 439]][[9.98494653e-02 1.88130227e-01 1.60606576e-01 ... 1.00113895e-01
  1.00113895e-01 1.00113895e-01]
 [8.81302269e-02 9.98494653e-02 1.38130227e-01 ... 9.98850623e-02
  9.98855847e-02 9.98861048e-02]
 [6.06065763e-02 8.81302269e-02 9.98494653e-02 ... 9.96562293e-02
  9.96572742e-02 9.96583144e-02]
 ...
 [1.13895216e-04 1.13895216e-04 1.13895216e-04 ... 9.98494653e-02
  8.83585374e-02 6.10621572e-02]
 [1.13895216e-04 1.13895216e-04 1.13895216e-04 ... 8.81302269e-02
  9.98494653e-02 8.83580173e-02]
 [5.00000000e-02 5.00000000e-02 5.00000000e-02 ... 1.10492681e-01
  1.38016332e-01 1.49735570e-01]][[  0   0   0 ...   0   0   0]
 [  1   1   1 ...   1   1   1]
 [  2   2   2 ...   2   2   2]
 ...
 [437 437 437 ... 437 437 437]
 [438 438 438 ... 438 438 438]
 [439 439 439 ... 439 439 439]]
[[  0   1   2 ... 437 438 439]
 [  0   1   2 ... 437 438 439]
 [  0   1   2 ... 437 438 439]
 ...
 [  0   1   2 ... 437 438 439]
 [  0   1   2 ... 437 438 439]
 [  0   1   2 ... 437 438 439]][[9.98494653e-02 1.88130227e-01 1.60606576e-01 ... 1.00113895e-01
  1.00113895e-01 1.00113895e-01]
 [8.81302269e-02 9.98494653e-02 1.38130227e-01 ... 9.98850623e-02
  9.98855847e-02 9.98861048e-02]
 [6.06065763e-02 8.81302269e-02 9.98494653e-02 ... 9.96562293e-02
  9.96572742e-02 9.96583144e-02]
 ...
 [1.13895216e-04 1.13895216e-04 1.13895216e-04 ... 9.98494653e-02
  8.83585374e-02 6.10621572e-02]
 [1.13895216e-04 1.13895216e-04 1.13895216e-04 ... 8.81302269e-02
  9.98494653e-02 8.83580173e-02]
 [5.00000000e-02 5.00000000e-02 5.00000000e-02 ... 1.10492681e-01
  1.38016332e-01 1.49735570e-01]][[  0   0   0 ...   0   0   0]
 [  1   1   1 ...   1   1   1]
 [  2   2   2 ...   2   2   2]
 ...
 [437 437 437 ... 437 437 437]
 [438 438 438 ... 438 438 438]
 [439 439 439 ... 439 439 439]]
[[  0   1   2 ... 437 438 439]
 [  0   1   2 ... 437 438 439]
 [  0   1   2 ... 437 438 439]
 ...
 [  0   1   2 ... 437 438 439]
 [  0   1   2 ... 437 438 439]
 [  0   1   2 ... 437 438 439]][[9.98494653e-02 1.88130227e-01 1.60606576e-01 ... 1.00113895e-01
  1.00113895e-01 1.00113895e-01]
 [8.81302269e-02 9.98494653e-02 1.38130227e-01 ... 9.98850623e-02
  9.98855847e-02 9.98861048e-02]
 [6.06065763e-02 8.81302269e-02 9.98494653e-02 ... 9.96562293e-02
  9.96572742e-02 9.96583144e-02]
 ...
 [1.13895216e-04 1.13895216e-04 1.13895216e-04 ... 9.98494653e-02
  8.83585374e-02 6.10621572e-02]
 [1.13895216e-04 1.13895216e-04 1.13895216e-04 ... 8.81302269e-02
  9.98494653e-02 8.83580173e-02]
 [5.00000000e-02 5.00000000e-02 5.00000000e-02 ... 1.10492681e-01
  1.38016332e-01 1.49735570e-01]][[  0   0   0 ...   0   0   0]
 [  1   1   1 ...   1   1   1]
 [  2   2   2 ...   2   2   2]
 ...
 [437 437 437 ... 437 437 437]
 [438 438 438 ... 438 438 438]
 [439 439 439 ... 439 439 439]]
[[  0   1   2 ... 437 438 439]
 [  0   1   2 ... 437 438 439]
 [  0   1   2 ... 437 438 439]
 ...
 [  0   1   2 ... 437 438 439]
 [  0   1   2 ... 437 438 439]
 [  0   1   2 ... 437 438 439]][[9.98494653e-02 1.88130227e-01 1.60606576e-01 ... 1.00113895e-01
  1.00113895e-01 1.00113895e-01]
 [8.81302269e-02 9.98494653e-02 1.38130227e-01 ... 9.98850623e-02
  9.98855847e-02 9.98861048e-02]
 [6.06065763e-02 8.81302269e-02 9.98494653e-02 ... 9.96562293e-02
  9.96572742e-02 9.96583144e-02]
 ...
 [1.13895216e-04 1.13895216e-04 1.13895216e-04 ... 9.98494653e-02
  8.83585374e-02 6.10621572e-02]
 [1.13895216e-04 1.13895216e-04 1.13895216e-04 ... 8.81302269e-02
  9.98494653e-02 8.83580173e-02]
 [5.00000000e-02 5.00000000e-02 5.00000000e-02 ... 1.10492681e-01
  1.38016332e-01 1.49735570e-01]][[  0   0   0 ...   0   0   0]
 [  1   1   1 ...   1   1   1]
 [  2   2   2 ...   2   2   2]
 ...
 [437 437 437 ... 437 437 437]
 [438 438 438 ... 438 438 438]
 [439 439 439 ... 439 439 439]]
[[  0   1   2 ... 437 438 439]
 [  0   1   2 ... 437 438 439]
 [  0   1   2 ... 437 438 439]
 ...
 [  0   1   2 ... 437 438 439]
 [  0   1   2 ... 437 438 439]
 [  0   1   2 ... 437 438 439]][[9.98494653e-02 1.88130227e-01 1.60606576e-01 ... 1.00113895e-01
  1.00113895e-01 1.00113895e-01]
 [8.81302269e-02 9.98494653e-02 1.38130227e-01 ... 9.98850623e-02
  9.98855847e-02 9.98861048e-02]
 [6.06065763e-02 8.81302269e-02 9.98494653e-02 ... 9.96562293e-02
  9.96572742e-02 9.96583144e-02]
 ...
 [1.13895216e-04 1.13895216e-04 1.13895216e-04 ... 9.98494653e-02
  8.83585374e-02 6.10621572e-02]
 [1.13895216e-04 1.13895216e-04 1.13895216e-04 ... 8.81302269e-02
  9.98494653e-02 8.83580173e-02]
 [5.00000000e-02 5.00000000e-02 5.00000000e-02 ... 1.10492681e-01
  1.38016332e-01 1.49735570e-01]][[  0   0   0 ...   0   0   0]
 [  1   1   1 ...   1   1   1]
 [  2   2   2 ...   2   2   2]
 ...
 [437 437 437 ... 437 437 437]
 [438 438 438 ... 438 438 438]
 [439 439 439 ... 439 439 439]]
[[  0   1   2 ... 437 438 439]
 [  0   1   2 ... 437 438 439]
 [  0   1   2 ... 437 438 439]
 ...
 [  0   1   2 ... 437 438 439]
 [  0   1   2 ... 437 438 439]
 [  0   1   2 ... 437 438 439]][[1.49717250e-01 2.32138393e-01 1.90852917e-01 ... 1.00113895e-01
  1.00113895e-01 1.00113895e-01]
 [1.32138393e-01 1.49717250e-01 1.82138393e-01 ... 9.98850623e-02
  9.98855847e-02 9.98861048e-02]
 [9.08529169e-02 1.32138393e-01 1.49717250e-01 ... 9.96562293e-02
  9.96572742e-02 9.96583144e-02]
 ...
 [1.13895216e-04 1.13895216e-04 1.13895216e-04 ... 1.49717250e-01
  1.32366703e-01 9.13084978e-02]
 [1.13895216e-04 1.13895216e-04 1.13895216e-04 ... 1.32138393e-01
  1.49717250e-01 1.32366183e-01]
 [5.00000000e-02 5.00000000e-02 5.00000000e-02 ... 1.40739022e-01
  1.82024498e-01 1.99603355e-01]][[  0   0   0 ...   0   0   0]
 [  1   1   1 ...   1   1   1]
 [  2   2   2 ...   2   2   2]
 ...
 [437 437 437 ... 437 437 437]
 [438 438 438 ... 438 438 438]
 [439 439 439 ... 439 439 439]]
[[  0   1   2 ... 437 438 439]
 [  0   1   2 ... 437 438 439]
 [  0   1   2 ... 437 438 439]
 ...
 [  0   1   2 ... 437 438 439]
 [  0   1   2 ... 437 438 439]
 [  0   1   2 ... 437 438 439]][[1.49717250e-01 2.32138393e-01 1.90852917e-01 ... 1.00113895e-01
  1.00113895e-01 1.00113895e-01]
 [1.32138393e-01 1.49717250e-01 1.82138393e-01 ... 9.98850623e-02
  9.98855847e-02 9.98861048e-02]
 [9.08529169e-02 1.32138393e-01 1.49717250e-01 ... 9.96562293e-02
  9.96572742e-02 9.96583144e-02]
 ...
 [1.13895216e-04 1.13895216e-04 1.13895216e-04 ... 1.49717250e-01
  1.32366703e-01 9.13084978e-02]
 [1.13895216e-04 1.13895216e-04 1.13895216e-04 ... 1.32138393e-01
  1.49717250e-01 1.32366183e-01]
 [5.00000000e-02 5.00000000e-02 5.00000000e-02 ... 1.40739022e-01
  1.82024498e-01 1.99603355e-01]][[  0   0   0 ...   0   0   0]
 [  1   1   1 ...   1   1   1]
 [  2   2   2 ...   2   2   2]
 ...
 [437 437 437 ... 437 437 437]
 [438 438 438 ... 438 438 438]
 [439 439 439 ... 439 439 439]]
[[  0   1   2 ... 437 438 439]
 [  0   1   2 ... 437 438 439]
 [  0   1   2 ... 437 438 439]
 ...
 [  0   1   2 ... 437 438 439]
 [  0   1   2 ... 437 438 439]
 [  0   1   2 ... 437 438 439]][[1.69664364e-01 2.49741659e-01 2.02951453e-01 ... 1.00113895e-01
  1.00113895e-01 1.00113895e-01]
 [1.49741659e-01 1.69664364e-01 1.99741659e-01 ... 9.98850623e-02
  9.98855847e-02 9.98861048e-02]
 [1.02951453e-01 1.49741659e-01 1.69664364e-01 ... 9.96562293e-02
  9.96572742e-02 9.96583144e-02]
 ...
 [1.13895216e-04 1.13895216e-04 1.13895216e-04 ... 1.69664364e-01
  1.49969970e-01 1.03407034e-01]
 [1.13895216e-04 1.13895216e-04 1.13895216e-04 ... 1.49741659e-01
  1.69664364e-01 1.49969450e-01]
 [5.00000000e-02 5.00000000e-02 5.00000000e-02 ... 1.52837558e-01
  1.99627764e-01 2.19550469e-01]][[  0   0   0 ...   0   0   0]
 [  1   1   1 ...   1   1   1]
 [  2   2   2 ...   2   2   2]
 ...
 [438 438 438 ... 438 438 438]
 [439 439 439 ... 439 439 439]
 [440 440 440 ... 440 440 440]]
[[  0   1   2 ... 438 439 440]
 [  0   1   2 ... 438 439 440]
 [  0   1   2 ... 438 439 440]
 ...
 [  0   1   2 ... 438 439 440]
 [  0   1   2 ... 438 439 440]
 [  0   1   2 ... 438 439 440]][[1.49716992e-01 2.32138134e-01 1.90852658e-01 ... 1.00113636e-01
  1.00113636e-01 1.00113636e-01]
 [1.32138134e-01 1.49716992e-01 1.82138134e-01 ... 9.98853259e-02
  9.98858459e-02 9.98863636e-02]
 [9.08526581e-02 1.32138134e-01 1.49716992e-01 ... 9.96570154e-02
  9.96580555e-02 9.96590909e-02]
 ...
 [1.13636364e-04 1.13636364e-04 1.13636364e-04 ... 1.49716992e-01
  1.32365924e-01 9.13072035e-02]
 [1.13636364e-04 1.13636364e-04 1.13636364e-04 ... 1.32138134e-01
  1.49716992e-01 1.32365407e-01]
 [5.00000000e-02 5.00000000e-02 5.00000000e-02 ... 1.40739022e-01
  1.82024498e-01 1.99603355e-01]][[  0   0   0 ...   0   0   0]
 [  1   1   1 ...   1   1   1]
 [  2   2   2 ...   2   2   2]
 ...
 [217 217 217 ... 217 217 217]
 [218 218 218 ... 218 218 218]
 [219 219 219 ... 219 219 219]]
[[  0   1   2 ... 217 218 219]
 [  0   1   2 ... 217 218 219]
 [  0   1   2 ... 217 218 219]
 ...
 [  0   1   2 ... 217 218 219]
 [  0   1   2 ... 217 218 219]
 [  0   1   2 ... 217 218 219]][[1.49831666e-01 2.32252808e-01 1.90967332e-01 ... 1.00228311e-01
  1.00228311e-01 1.00228311e-01]
 [1.32252808e-01 1.49831666e-01 1.82252808e-01 ... 9.97674810e-02
  9.97695949e-02 9.97716895e-02]
 [9.09673322e-02 1.32252808e-01 1.49831666e-01 ... 9.93066515e-02
  9.93108793e-02 9.93150685e-02]
 ...
 [2.28310502e-04 2.28310502e-04 2.28310502e-04 ... 1.49831666e-01
  1.32711524e-01 9.18805742e-02]
 [2.28310502e-04 2.28310502e-04 2.28310502e-04 ... 1.32252808e-01
  1.49831666e-01 1.32709429e-01]
 [5.00000000e-02 5.00000000e-02 5.00000000e-02 ... 1.40739022e-01
  1.82024498e-01 1.99603355e-01]][[  0   0   0 ...   0   0   0]
 [  1   1   1 ...   1   1   1]
 [  2   2   2 ...   2   2   2]
 ...
 [ 98  98  98 ...  98  98  98]
 [ 99  99  99 ...  99  99  99]
 [100 100 100 ... 100 100 100]]
[[  0   1   2 ...  98  99 100]
 [  0   1   2 ...  98  99 100]
 [  0   1   2 ...  98  99 100]
 ...
 [  0   1   2 ...  98  99 100]
 [  0   1   2 ...  98  99 100]
 [  0   1   2 ...  98  99 100]][[1.69682730e+06 1.51389771e+06 1.07957451e+06 ... 1.25000000e+05
  1.25000000e+05 1.25000000e+05]
 [1.51189771e+06 1.69682730e+06 1.51289771e+06 ... 1.24979592e+05
  1.24979798e+05 1.24980000e+05]
 [1.07757451e+06 1.51189771e+06 1.69682730e+06 ... 1.24959184e+05
  1.24959596e+05 1.24960000e+05]
 ...
 [1.23000000e+05 1.23000000e+05 1.23000000e+05 ... 1.69682730e+06
  1.51191792e+06 1.07761451e+06]
 [1.23000000e+05 1.23000000e+05 1.23000000e+05 ... 1.51189771e+06
  1.69682730e+06 1.51191771e+06]
 [4.44000000e+02 4.44000000e+02 4.44000000e+02 ... 9.55018508e+05
  1.38934171e+06 1.57427130e+06]][[  0   0   0 ...   0   0   0]
 [  1   1   1 ...   1   1   1]
 [  2   2   2 ...   2   2   2]
 ...
 [121 121 121 ... 121 121 121]
 [122 122 122 ... 122 122 122]
 [123 123 123 ... 123 123 123]]
[[  0   1   2 ... 121 122 123]
 [  0   1   2 ... 121 122 123]
 [  0   1   2 ... 121 122 123]
 ...
 [  0   1   2 ... 121 122 123]
 [  0   1   2 ... 121 122 123]
 [  0   1   2 ... 121 122 123]][[0.20353618 0.2250504  0.13106052 ... 0.10406504 0.10406504 0.10406504]
 [0.1250504  0.20353618 0.1750504  ... 0.10323859 0.10324537 0.10325203]
 [0.03106052 0.1250504  0.20353618 ... 0.10241215 0.1024257  0.10243902]
 ...
 [0.00406504 0.00406504 0.00406504 ... 0.20353618 0.12587008 0.03268654]
 [0.00406504 0.00406504 0.00406504 ... 0.1250504  0.20353618 0.12586341]
 [0.05       0.05       0.05       ... 0.07699548 0.17098536 0.24947114]][[0]]
[[0]][[0.]][[0]]
[[0]][[0.]][[0]]
[[0]][[7.]][[0]]
[[0]][[2.79259596]][[0 0]
 [1 1]]
[[0 1]
 [0 1]][[0. 2.]
 [0. 0.]][[0 0]
 [1 1]]
[[0 1]
 [0 1]][[7. 7.]
 [0. 0.]][[0 0]
 [1 1]]
[[0 1]
 [0 1]][[0. 0.]
 [7. 7.]][[0 0]
 [1 1]]
[[0 1]
 [0 1]][[2.79259596 1.69379507]
 [1.69379507 2.79259596]][[ 0  0  0  0  0  0  0  0  0  0  0]
 [ 1  1  1  1  1  1  1  1  1  1  1]
 [ 2  2  2  2  2  2  2  2  2  2  2]
 [ 3  3  3  3  3  3  3  3  3  3  3]
 [ 4  4  4  4  4  4  4  4  4  4  4]
 [ 5  5  5  5  5  5  5  5  5  5  5]
 [ 6  6  6  6  6  6  6  6  6  6  6]
 [ 7  7  7  7  7  7  7  7  7  7  7]
 [ 8  8  8  8  8  8  8  8  8  8  8]
 [ 9  9  9  9  9  9  9  9  9  9  9]
 [10 10 10 10 10 10 10 10 10 10 10]]
[[ 0  1  2  3  4  5  6  7  8  9 10]
 [ 0  1  2  3  4  5  6  7  8  9 10]
 [ 0  1  2  3  4  5  6  7  8  9 10]
 [ 0  1  2  3  4  5  6  7  8  9 10]
 [ 0  1  2  3  4  5  6  7  8  9 10]
 [ 0  1  2  3  4  5  6  7  8  9 10]
 [ 0  1  2  3  4  5  6  7  8  9 10]
 [ 0  1  2  3  4  5  6  7  8  9 10]
 [ 0  1  2  3  4  5  6  7  8  9 10]
 [ 0  1  2  3  4  5  6  7  8  9 10]
 [ 0  1  2  3  4  5  6  7  8  9 10]][[2.79259596e+00 1.69379507e+00 3.77936766e-01 3.10229389e-02
  9.36811580e-04 1.04070366e-05 4.25311799e-08 6.39430429e-11
  3.53658976e-14 7.19584150e-18 5.38621904e-22]
 [1.69379507e+00 2.79259596e+00 1.69379507e+00 3.77936766e-01
  3.10229389e-02 9.36811580e-04 1.04070366e-05 4.25311799e-08
  6.39430429e-11 3.53658976e-14 7.19584150e-18]
 [3.77936766e-01 1.69379507e+00 2.79259596e+00 1.69379507e+00
  3.77936766e-01 3.10229389e-02 9.36811580e-04 1.04070366e-05
  4.25311799e-08 6.39430429e-11 3.53658976e-14]
 [3.10229389e-02 3.77936766e-01 1.69379507e+00 2.79259596e+00
  1.69379507e+00 3.77936766e-01 3.10229389e-02 9.36811580e-04
  1.04070366e-05 4.25311799e-08 6.39430429e-11]
 [9.36811580e-04 3.10229389e-02 3.77936766e-01 1.69379507e+00
  2.79259596e+00 1.69379507e+00 3.77936766e-01 3.10229389e-02
  9.36811580e-04 1.04070366e-05 4.25311799e-08]
 [1.04070366e-05 9.36811580e-04 3.10229389e-02 3.77936766e-01
  1.69379507e+00 2.79259596e+00 1.69379507e+00 3.77936766e-01
  3.10229389e-02 9.36811580e-04 1.04070366e-05]
 [4.25311799e-08 1.04070366e-05 9.36811580e-04 3.10229389e-02
  3.77936766e-01 1.69379507e+00 2.79259596e+00 1.69379507e+00
  3.77936766e-01 3.10229389e-02 9.36811580e-04]
 [6.39430429e-11 4.25311799e-08 1.04070366e-05 9.36811580e-04
  3.10229389e-02 3.77936766e-01 1.69379507e+00 2.79259596e+00
  1.69379507e+00 3.77936766e-01 3.10229389e-02]
 [3.53658976e-14 6.39430429e-11 4.25311799e-08 1.04070366e-05
  9.36811580e-04 3.10229389e-02 3.77936766e-01 1.69379507e+00
  2.79259596e+00 1.69379507e+00 3.77936766e-01]
 [7.19584150e-18 3.53658976e-14 6.39430429e-11 4.25311799e-08
  1.04070366e-05 9.36811580e-04 3.10229389e-02 3.77936766e-01
  1.69379507e+00 2.79259596e+00 1.69379507e+00]
 [5.38621904e-22 7.19584150e-18 3.53658976e-14 6.39430429e-11
  4.25311799e-08 1.04070366e-05 9.36811580e-04 3.10229389e-02
  3.77936766e-01 1.69379507e+00 2.79259596e+00]]