[[  0   0   0 ...   0   0   0]
 [  1   1   1 ...   1   1   1]
 [  2   2   2 ...   2   2   2]
 ...
 [ 98  98  98 ...  98  98  98]
 [ 99  99  99 ...  99  99  99]
 [100 100 100 ... 100 100 100]]
[[  0   1   2 ...  98  99 100]
 [  0   1   2 ...  98  99 100]
 [  0   1   2 ...  98  99 100]
 ...
 [  0   1   2 ...  98  99 100]
 [  0   1   2 ...  98  99 100]
 [  0   1   2 ...  98  99 100]][[1.69682730e+06 1.51389771e+06 1.07957451e+06 ... 1.25000000e+05
  1.25000000e+05 1.25000000e+05]
 [1.51189771e+06 1.69682730e+06 1.51289771e+06 ... 1.24979592e+05
  1.24979798e+05 1.24980000e+05]
 [1.07757451e+06 1.51189771e+06 1.69682730e+06 ... 1.24959184e+05
  1.24959596e+05 1.24960000e+05]
 ...
 [1.23000000e+05 1.23000000e+05 1.23000000e+05 ... 1.69682730e+06
  1.51191792e+06 1.07761451e+06]
 [1.23000000e+05 1.23000000e+05 1.23000000e+05 ... 1.51189771e+06
  1.69682730e+06 1.51191771e+06]
 [4.44000000e+02 4.44000000e+02 4.44000000e+02 ... 9.55018508e+05
  1.38934171e+06 1.57427130e+06]][[  0   0   0 ...   0   0   0]
 [  1   1   1 ...   1   1   1]
 [  2   2   2 ...   2   2   2]
 ...
 [121 121 121 ... 121 121 121]
 [122 122 122 ... 122 122 122]
 [123 123 123 ... 123 123 123]]
[[  0   1   2 ... 121 122 123]
 [  0   1   2 ... 121 122 123]
 [  0   1   2 ... 121 122 123]
 ...
 [  0   1   2 ... 121 122 123]
 [  0   1   2 ... 121 122 123]
 [  0   1   2 ... 121 122 123]][[0.20353618 0.2250504  0.13106052 ... 0.10406504 0.10406504 0.10406504]
 [0.1250504  0.20353618 0.1750504  ... 0.10323859 0.10324537 0.10325203]
 [0.03106052 0.1250504  0.20353618 ... 0.10241215 0.1024257  0.10243902]
 ...
 [0.00406504 0.00406504 0.00406504 ... 0.20353618 0.12587008 0.03268654]
 [0.00406504 0.00406504 0.00406504 ... 0.1250504  0.20353618 0.12586341]
 [0.05       0.05       0.05       ... 0.07699548 0.17098536 0.24947114]][[0]]
[[0]][[0.]][[0]]
[[0]][[0.]][[0]]
[[0]][[7.]][[0]]
[[0]][[2.79259596]][[0 0]
 [1 1]]
[[0 1]
 [0 1]][[0. 2.]
 [0. 0.]][[0 0]
 [1 1]]
[[0 1]
 [0 1]][[7. 7.]
 [0. 0.]][[0 0]
 [1 1]]
[[0 1]
 [0 1]][[0. 0.]
 [7. 7.]][[0 0]
 [1 1]]
[[0 1]
 [0 1]][[2.79259596 1.69379507]
 [1.69379507 2.79259596]][[ 0  0  0  0  0  0  0  0  0  0  0]
 [ 1  1  1  1  1  1  1  1  1  1  1]
 [ 2  2  2  2  2  2  2  2  2  2  2]
 [ 3  3  3  3  3  3  3  3  3  3  3]
 [ 4  4  4  4  4  4  4  4  4  4  4]
 [ 5  5  5  5  5  5  5  5  5  5  5]
 [ 6  6  6  6  6  6  6  6  6  6  6]
 [ 7  7  7  7  7  7  7  7  7  7  7]
 [ 8  8  8  8  8  8  8  8  8  8  8]
 [ 9  9  9  9  9  9  9  9  9  9  9]
 [10 10 10 10 10 10 10 10 10 10 10]]
[[ 0  1  2  3  4  5  6  7  8  9 10]
 [ 0  1  2  3  4  5  6  7  8  9 10]
 [ 0  1  2  3  4  5  6  7  8  9 10]
 [ 0  1  2  3  4  5  6  7  8  9 10]
 [ 0  1  2  3  4  5  6  7  8  9 10]
 [ 0  1  2  3  4  5  6  7  8  9 10]
 [ 0  1  2  3  4  5  6  7  8  9 10]
 [ 0  1  2  3  4  5  6  7  8  9 10]
 [ 0  1  2  3  4  5  6  7  8  9 10]
 [ 0  1  2  3  4  5  6  7  8  9 10]
 [ 0  1  2  3  4  5  6  7  8  9 10]][[2.79259596e+00 1.69379507e+00 3.77936766e-01 3.10229389e-02
  9.36811580e-04 1.04070366e-05 4.25311799e-08 6.39430429e-11
  3.53658976e-14 7.19584150e-18 5.38621904e-22]
 [1.69379507e+00 2.79259596e+00 1.69379507e+00 3.77936766e-01
  3.10229389e-02 9.36811580e-04 1.04070366e-05 4.25311799e-08
  6.39430429e-11 3.53658976e-14 7.19584150e-18]
 [3.77936766e-01 1.69379507e+00 2.79259596e+00 1.69379507e+00
  3.77936766e-01 3.10229389e-02 9.36811580e-04 1.04070366e-05
  4.25311799e-08 6.39430429e-11 3.53658976e-14]
 [3.10229389e-02 3.77936766e-01 1.69379507e+00 2.79259596e+00
  1.69379507e+00 3.77936766e-01 3.10229389e-02 9.36811580e-04
  1.04070366e-05 4.25311799e-08 6.39430429e-11]
 [9.36811580e-04 3.10229389e-02 3.77936766e-01 1.69379507e+00
  2.79259596e+00 1.69379507e+00 3.77936766e-01 3.10229389e-02
  9.36811580e-04 1.04070366e-05 4.25311799e-08]
 [1.04070366e-05 9.36811580e-04 3.10229389e-02 3.77936766e-01
  1.69379507e+00 2.79259596e+00 1.69379507e+00 3.77936766e-01
  3.10229389e-02 9.36811580e-04 1.04070366e-05]
 [4.25311799e-08 1.04070366e-05 9.36811580e-04 3.10229389e-02
  3.77936766e-01 1.69379507e+00 2.79259596e+00 1.69379507e+00
  3.77936766e-01 3.10229389e-02 9.36811580e-04]
 [6.39430429e-11 4.25311799e-08 1.04070366e-05 9.36811580e-04
  3.10229389e-02 3.77936766e-01 1.69379507e+00 2.79259596e+00
  1.69379507e+00 3.77936766e-01 3.10229389e-02]
 [3.53658976e-14 6.39430429e-11 4.25311799e-08 1.04070366e-05
  9.36811580e-04 3.10229389e-02 3.77936766e-01 1.69379507e+00
  2.79259596e+00 1.69379507e+00 3.77936766e-01]
 [7.19584150e-18 3.53658976e-14 6.39430429e-11 4.25311799e-08
  1.04070366e-05 9.36811580e-04 3.10229389e-02 3.77936766e-01
  1.69379507e+00 2.79259596e+00 1.69379507e+00]
 [5.38621904e-22 7.19584150e-18 3.53658976e-14 6.39430429e-11
  4.25311799e-08 1.04070366e-05 9.36811580e-04 3.10229389e-02
  3.77936766e-01 1.69379507e+00 2.79259596e+00]]